1	3
2	3
2	4
1	5
4	5
1	6
5	6
1	7
6	7
1	8
2	8
4	8
5	8
1	9
3	9
4	9
5	9
8	9
1	10
2	10
3	10
4	10
1	11
5	11
6	11
7	11
10	11
5	12
8	12
9	12
10	12
1	13
2	13
3	13
5	13
8	13
9	13
11	13
12	13
1	14
2	14
3	14
4	14
5	14
6	14
7	14
10	14
12	14
4	15
5	15
6	15
9	15
10	15
11	15
13	15
6	16
7	16
11	16
12	16
14	16
15	16
1	17
3	17
4	17
6	17
7	17
11	17
12	17
14	17
15	17
16	17
1	18
2	18
6	18
8	18
11	18
12	18
14	18
17	18
1	19
2	19
3	19
5	19
8	19
9	19
10	19
13	19
15	19
17	19
18	19
1	20
2	20
3	20
4	20
11	20
17	20
19	20
1	21
2	21
3	21
4	21
5	21
6	21
8	21
15	21
16	21
17	21
19	21
1	22
5	22
6	22
7	22
9	22
11	22
12	22
16	22
20	22
2	23
4	23
11	23
12	23
17	23
19	23
20	23
4	24
6	24
7	24
10	24
11	24
16	24
17	24
19	24
22	24
1	25
2	25
4	25
5	25
8	25
11	25
13	25
14	25
17	25
18	25
19	25
21	25
22	25
2	26
4	26
5	26
6	26
7	26
9	26
10	26
12	26
15	26
16	26
17	26
18	26
19	26
20	26
22	26
23	26
3	27
4	27
5	27
6	27
7	27
10	27
12	27
13	27
14	27
18	27
22	27
24	27
3	28
4	28
5	28
6	28
7	28
8	28
10	28
11	28
13	28
17	28
18	28
1	29
3	29
7	29
9	29
11	29
12	29
13	29
15	29
20	29
21	29
24	29
25	29
27	29
1	30
2	30
3	30
4	30
6	30
7	30
8	30
9	30
11	30
13	30
14	30
16	30
18	30
19	30
23	30
28	30
29	30
3	31
4	31
6	31
7	31
9	31
11	31
12	31
13	31
14	31
15	31
16	31
17	31
24	31
25	31
27	31
28	31
29	31
3	32
4	32
5	32
6	32
8	32
9	32
10	32
11	32
13	32
17	32
19	32
21	32
22	32
25	32
31	32
1	33
3	33
5	33
6	33
7	33
8	33
12	33
13	33
14	33
16	33
18	33
19	33
21	33
23	33
25	33
28	33
29	33
30	33
31	33
2	34
3	34
4	34
6	34
9	34
13	34
14	34
15	34
16	34
17	34
19	34
20	34
22	34
23	34
25	34
28	34
29	34
30	34
31	34
32	34
1	35
2	35
4	35
5	35
6	35
7	35
8	35
9	35
16	35
20	35
21	35
22	35
25	35
26	35
27	35
29	35
32	35
33	35
1	36
2	36
3	36
5	36
6	36
7	36
10	36
14	36
15	36
16	36
18	36
19	36
20	36
21	36
26	36
27	36
28	36
30	36
34	36
3	37
5	37
7	37
8	37
9	37
11	37
14	37
15	37
17	37
18	37
19	37
20	37
24	37
26	37
29	37
31	37
33	37
34	37
2	38
6	38
7	38
11	38
13	38
14	38
15	38
17	38
18	38
20	38
21	38
22	38
23	38
25	38
26	38
27	38
29	38
30	38
32	38
33	38
34	38
36	38
2	39
4	39
6	39
8	39
9	39
11	39
13	39
16	39
20	39
26	39
27	39
28	39
31	39
32	39
33	39
35	39
36	39
38	39
1	40
4	40
5	40
9	40
12	40
13	40
14	40
16	40
17	40
18	40
20	40
21	40
23	40
25	40
26	40
27	40
29	40
30	40
33	40
36	40
37	40
39	40
1	41
3	41
4	41
5	41
12	41
13	41
14	41
18	41
19	41
20	41
27	41
28	41
29	41
31	41
33	41
38	41
1	42
3	42
5	42
6	42
8	42
10	42
11	42
12	42
14	42
16	42
17	42
18	42
19	42
22	42
25	42
26	42
30	42
31	42
36	42
37	42
38	42
2	43
4	43
7	43
8	43
9	43
10	43
12	43
18	43
19	43
23	43
26	43
27	43
29	43
31	43
32	43
35	43
36	43
38	43
39	43
5	44
6	44
8	44
9	44
10	44
12	44
13	44
14	44
16	44
20	44
22	44
25	44
26	44
27	44
28	44
31	44
37	44
38	44
43	44
1	45
5	45
6	45
7	45
9	45
10	45
14	45
15	45
16	45
17	45
18	45
19	45
20	45
21	45
23	45
25	45
27	45
28	45
31	45
32	45
33	45
34	45
38	45
39	45
40	45
41	45
42	45
2	46
6	46
7	46
10	46
14	46
18	46
19	46
21	46
22	46
23	46
24	46
25	46
27	46
28	46
30	46
34	46
35	46
36	46
39	46
40	46
43	46
1	47
3	47
4	47
6	47
10	47
11	47
13	47
17	47
18	47
21	47
22	47
26	47
27	47
30	47
31	47
32	47
39	47
40	47
41	47
42	47
44	47
46	47
1	48
4	48
10	48
12	48
13	48
18	48
19	48
21	48
22	48
23	48
24	48
26	48
28	48
34	48
35	48
36	48
37	48
45	48
46	48
47	48
2	49
10	49
14	49
15	49
18	49
19	49
22	49
26	49
30	49
31	49
33	49
38	49
39	49
40	49
44	49
45	49
46	49
47	49
2	50
3	50
4	50
5	50
6	50
9	50
15	50
18	50
20	50
21	50
25	50
27	50
30	50
32	50
37	50
39	50
43	50
44	50
45	50
46	50
47	50
48	50
2	51
4	51
7	51
8	51
9	51
10	51
11	51
13	51
15	51
18	51
20	51
21	51
25	51
26	51
27	51
29	51
30	51
32	51
33	51
35	51
37	51
39	51
41	51
43	51
44	51
46	51
2	52
4	52
5	52
6	52
7	52
13	52
14	52
16	52
18	52
19	52
20	52
22	52
24	52
25	52
29	52
30	52
31	52
32	52
33	52
38	52
41	52
43	52
44	52
45	52
46	52
47	52
49	52
4	53
5	53
7	53
10	53
11	53
12	53
16	53
19	53
20	53
21	53
26	53
27	53
33	53
35	53
37	53
38	53
40	53
41	53
42	53
43	53
44	53
45	53
50	53
2	54
5	54
7	54
8	54
11	54
13	54
15	54
17	54
18	54
19	54
20	54
21	54
22	54
24	54
27	54
30	54
31	54
32	54
34	54
35	54
36	54
38	54
39	54
40	54
44	54
46	54
47	54
48	54
49	54
3	55
7	55
8	55
9	55
12	55
13	55
16	55
17	55
20	55
21	55
23	55
25	55
26	55
32	55
33	55
37	55
38	55
39	55
41	55
43	55
44	55
45	55
47	55
50	55
53	55
3	56
6	56
7	56
8	56
9	56
12	56
13	56
14	56
16	56
22	56
26	56
27	56
31	56
33	56
34	56
37	56
39	56
43	56
44	56
45	56
46	56
50	56
51	56
52	56
3	57
7	57
8	57
9	57
12	57
14	57
15	57
17	57
19	57
21	57
22	57
24	57
26	57
27	57
28	57
30	57
32	57
33	57
35	57
37	57
38	57
39	57
40	57
41	57
43	57
44	57
46	57
50	57
51	57
52	57
53	57
8	58
11	58
12	58
13	58
16	58
17	58
19	58
20	58
22	58
23	58
25	58
28	58
29	58
32	58
33	58
34	58
35	58
37	58
38	58
43	58
44	58
45	58
46	58
47	58
48	58
49	58
52	58
54	58
1	59
2	59
3	59
4	59
5	59
6	59
10	59
12	59
16	59
17	59
21	59
22	59
23	59
31	59
32	59
34	59
35	59
38	59
42	59
47	59
48	59
50	59
52	59
54	59
55	59
56	59
57	59
3	60
4	60
5	60
6	60
7	60
9	60
11	60
12	60
16	60
18	60
19	60
21	60
25	60
26	60
28	60
30	60
31	60
32	60
33	60
34	60
35	60
36	60
39	60
40	60
41	60
44	60
45	60
46	60
47	60
49	60
50	60
54	60
57	60
58	60
7	61
8	61
9	61
10	61
12	61
13	61
14	61
16	61
19	61
21	61
22	61
23	61
26	61
29	61
33	61
35	61
36	61
38	61
39	61
41	61
42	61
45	61
46	61
48	61
50	61
51	61
52	61
59	61
60	61
1	62
4	62
5	62
6	62
8	62
12	62
14	62
15	62
16	62
21	62
22	62
23	62
24	62
27	62
29	62
32	62
35	62
36	62
38	62
39	62
40	62
41	62
45	62
46	62
48	62
49	62
51	62
52	62
54	62
55	62
58	62
59	62
60	62
1	63
7	63
8	63
12	63
16	63
17	63
21	63
22	63
23	63
25	63
30	63
31	63
35	63
40	63
41	63
43	63
46	63
47	63
48	63
49	63
50	63
51	63
53	63
54	63
58	63
59	63
60	63
61	63
62	63
1	64
2	64
3	64
5	64
6	64
7	64
10	64
11	64
12	64
13	64
17	64
18	64
19	64
21	64
23	64
24	64
25	64
26	64
29	64
30	64
32	64
33	64
36	64
39	64
40	64
46	64
48	64
50	64
51	64
52	64
53	64
54	64
56	64
61	64
63	64
2	65
3	65
4	65
6	65
7	65
11	65
12	65
14	65
15	65
16	65
17	65
18	65
22	65
23	65
24	65
25	65
26	65
27	65
28	65
30	65
31	65
32	65
33	65
40	65
44	65
46	65
51	65
53	65
55	65
56	65
57	65
58	65
60	65
61	65
63	65
4	66
5	66
7	66
8	66
11	66
12	66
14	66
16	66
17	66
19	66
20	66
21	66
23	66
24	66
29	66
30	66
31	66
32	66
34	66
35	66
43	66
44	66
47	66
50	66
51	66
53	66
56	66
57	66
59	66
62	66
63	66
64	66
65	66
1	67
4	67
6	67
7	67
8	67
9	67
11	67
12	67
13	67
15	67
16	67
17	67
18	67
19	67
20	67
22	67
23	67
31	67
33	67
34	67
35	67
36	67
40	67
41	67
43	67
44	67
46	67
47	67
48	67
49	67
52	67
53	67
55	67
57	67
58	67
59	67
63	67
64	67
65	67
1	68
2	68
3	68
6	68
7	68
8	68
9	68
12	68
14	68
17	68
18	68
21	68
22	68
23	68
25	68
28	68
29	68
30	68
32	68
33	68
34	68
35	68
36	68
41	68
43	68
44	68
45	68
47	68
48	68
49	68
50	68
51	68
53	68
55	68
57	68
58	68
61	68
63	68
64	68
66	68
67	68
1	69
2	69
6	69
9	69
10	69
16	69
17	69
19	69
21	69
23	69
24	69
26	69
27	69
28	69
29	69
33	69
34	69
35	69
36	69
37	69
39	69
40	69
43	69
47	69
50	69
51	69
55	69
57	69
60	69
63	69
1	70
4	70
5	70
7	70
8	70
9	70
12	70
13	70
14	70
15	70
16	70
17	70
19	70
20	70
23	70
24	70
26	70
27	70
28	70
29	70
30	70
33	70
36	70
37	70
38	70
41	70
43	70
44	70
45	70
46	70
48	70
49	70
50	70
53	70
54	70
55	70
61	70
62	70
63	70
3	71
5	71
6	71
7	71
11	71
16	71
17	71
20	71
21	71
22	71
24	71
25	71
27	71
32	71
33	71
34	71
35	71
37	71
40	71
42	71
44	71
46	71
49	71
50	71
51	71
52	71
54	71
55	71
56	71
60	71
61	71
62	71
63	71
66	71
68	71
69	71
2	72
3	72
8	72
9	72
10	72
11	72
12	72
13	72
14	72
16	72
19	72
20	72
22	72
25	72
28	72
33	72
34	72
35	72
40	72
43	72
44	72
45	72
48	72
49	72
51	72
52	72
53	72
54	72
56	72
57	72
61	72
66	72
70	72
1	73
3	73
7	73
9	73
10	73
11	73
12	73
14	73
15	73
20	73
25	73
27	73
28	73
29	73
30	73
32	73
33	73
36	73
37	73
38	73
39	73
42	73
46	73
47	73
48	73
49	73
51	73
53	73
55	73
57	73
59	73
60	73
62	73
64	73
65	73
66	73
69	73
70	73
71	73
72	73
2	74
3	74
5	74
7	74
16	74
18	74
24	74
25	74
27	74
29	74
31	74
32	74
34	74
35	74
37	74
39	74
42	74
44	74
47	74
49	74
51	74
53	74
57	74
58	74
59	74
60	74
61	74
64	74
66	74
69	74
71	74
1	75
3	75
5	75
11	75
13	75
14	75
18	75
20	75
22	75
23	75
25	75
28	75
30	75
32	75
36	75
37	75
38	75
42	75
43	75
44	75
45	75
46	75
49	75
53	75
54	75
55	75
64	75
68	75
71	75
72	75
73	75
74	75
1	76
3	76
4	76
5	76
6	76
9	76
11	76
12	76
14	76
15	76
17	76
18	76
20	76
21	76
22	76
26	76
28	76
31	76
32	76
33	76
37	76
39	76
41	76
42	76
46	76
47	76
51	76
52	76
53	76
56	76
57	76
58	76
60	76
61	76
62	76
63	76
65	76
66	76
68	76
69	76
71	76
74	76
3	77
4	77
5	77
6	77
7	77
9	77
11	77
12	77
14	77
17	77
19	77
22	77
23	77
25	77
26	77
27	77
28	77
29	77
36	77
38	77
39	77
40	77
41	77
42	77
44	77
45	77
47	77
49	77
50	77
51	77
52	77
53	77
54	77
57	77
58	77
59	77
61	77
62	77
66	77
70	77
72	77
73	77
74	77
75	77
1	78
2	78
3	78
4	78
7	78
9	78
12	78
14	78
16	78
20	78
22	78
23	78
24	78
27	78
28	78
31	78
33	78
34	78
36	78
37	78
38	78
40	78
41	78
42	78
44	78
48	78
49	78
51	78
52	78
57	78
61	78
63	78
65	78
66	78
67	78
70	78
71	78
73	78
74	78
76	78
1	79
2	79
3	79
7	79
9	79
11	79
12	79
14	79
15	79
16	79
19	79
21	79
22	79
26	79
28	79
29	79
36	79
38	79
42	79
45	79
46	79
54	79
56	79
58	79
59	79
62	79
63	79
66	79
67	79
72	79
73	79
76	79
1	80
2	80
5	80
6	80
8	80
10	80
13	80
14	80
16	80
17	80
18	80
20	80
21	80
24	80
26	80
29	80
31	80
32	80
34	80
38	80
40	80
42	80
43	80
44	80
45	80
50	80
54	80
55	80
59	80
61	80
63	80
64	80
65	80
66	80
67	80
68	80
70	80
71	80
73	80
75	80
77	80
78	80
1	81
2	81
8	81
10	81
12	81
13	81
16	81
17	81
18	81
20	81
21	81
22	81
23	81
24	81
25	81
29	81
30	81
32	81
33	81
34	81
37	81
38	81
43	81
45	81
46	81
48	81
50	81
51	81
52	81
53	81
57	81
58	81
59	81
60	81
61	81
62	81
63	81
64	81
70	81
71	81
72	81
75	81
76	81
78	81
79	81
1	82
4	82
7	82
9	82
11	82
13	82
15	82
18	82
19	82
22	82
23	82
25	82
27	82
29	82
30	82
31	82
32	82
33	82
34	82
35	82
36	82
39	82
40	82
43	82
45	82
46	82
47	82
49	82
50	82
52	82
53	82
54	82
55	82
57	82
62	82
64	82
67	82
68	82
71	82
73	82
74	82
78	82
81	82
2	83
4	83
5	83
7	83
10	83
11	83
13	83
14	83
15	83
23	83
24	83
26	83
31	83
32	83
33	83
36	83
37	83
38	83
41	83
42	83
47	83
49	83
51	83
55	83
57	83
58	83
60	83
61	83
66	83
67	83
68	83
69	83
70	83
71	83
72	83
74	83
79	83
81	83
3	84
5	84
7	84
8	84
10	84
11	84
12	84
15	84
16	84
19	84
21	84
22	84
27	84
30	84
31	84
32	84
35	84
36	84
41	84
45	84
46	84
47	84
50	84
57	84
58	84
59	84
61	84
63	84
64	84
65	84
66	84
67	84
68	84
71	84
72	84
77	84
79	84
82	84
3	85
4	85
5	85
8	85
9	85
10	85
11	85
13	85
15	85
16	85
25	85
26	85
28	85
32	85
38	85
39	85
41	85
42	85
45	85
47	85
48	85
49	85
50	85
54	85
57	85
58	85
62	85
63	85
65	85
66	85
69	85
72	85
73	85
80	85
81	85
82	85
4	86
5	86
6	86
7	86
9	86
10	86
12	86
13	86
22	86
23	86
30	86
31	86
33	86
39	86
40	86
41	86
42	86
47	86
49	86
52	86
57	86
58	86
59	86
61	86
65	86
68	86
70	86
71	86
72	86
81	86
82	86
1	87
3	87
5	87
8	87
10	87
11	87
12	87
20	87
23	87
29	87
31	87
32	87
33	87
34	87
35	87
36	87
39	87
42	87
43	87
46	87
47	87
49	87
51	87
54	87
56	87
58	87
59	87
60	87
61	87
62	87
64	87
65	87
67	87
68	87
69	87
70	87
73	87
74	87
76	87
79	87
80	87
81	87
83	87
84	87
86	87
1	88
8	88
9	88
21	88
22	88
25	88
27	88
29	88
33	88
35	88
37	88
39	88
40	88
41	88
43	88
45	88
46	88
47	88
49	88
50	88
53	88
54	88
56	88
57	88
58	88
59	88
60	88
62	88
63	88
64	88
68	88
71	88
72	88
73	88
76	88
77	88
79	88
80	88
81	88
83	88
86	88
87	88
5	89
6	89
7	89
8	89
9	89
11	89
13	89
15	89
18	89
19	89
20	89
21	89
22	89
24	89
26	89
27	89
28	89
29	89
30	89
31	89
32	89
33	89
34	89
35	89
40	89
41	89
48	89
49	89
52	89
56	89
58	89
59	89
61	89
62	89
63	89
65	89
68	89
72	89
73	89
75	89
76	89
77	89
78	89
80	89
84	89
85	89
88	89
1	90
3	90
4	90
5	90
7	90
8	90
9	90
11	90
12	90
13	90
15	90
18	90
19	90
22	90
24	90
26	90
28	90
30	90
34	90
42	90
46	90
47	90
49	90
50	90
51	90
53	90
56	90
57	90
58	90
59	90
60	90
61	90
68	90
69	90
70	90
71	90
74	90
78	90
79	90
82	90
84	90
87	90
88	90
89	90
2	91
4	91
5	91
7	91
8	91
9	91
10	91
11	91
14	91
17	91
20	91
21	91
24	91
26	91
28	91
29	91
30	91
32	91
33	91
34	91
36	91
37	91
38	91
41	91
44	91
48	91
49	91
50	91
51	91
56	91
57	91
58	91
60	91
64	91
65	91
72	91
73	91
76	91
78	91
83	91
84	91
85	91
87	91
88	91
90	91
2	92
3	92
7	92
9	92
12	92
13	92
14	92
17	92
18	92
25	92
27	92
28	92
30	92
32	92
34	92
35	92
39	92
41	92
42	92
44	92
45	92
47	92
48	92
50	92
52	92
53	92
54	92
55	92
58	92
61	92
62	92
64	92
67	92
74	92
75	92
77	92
78	92
80	92
82	92
83	92
86	92
87	92
88	92
1	93
7	93
9	93
10	93
12	93
16	93
17	93
19	93
22	93
23	93
24	93
26	93
28	93
30	93
31	93
32	93
34	93
35	93
36	93
37	93
39	93
40	93
43	93
44	93
47	93
48	93
52	93
53	93
55	93
59	93
60	93
70	93
71	93
74	93
76	93
77	93
80	93
83	93
84	93
85	93
86	93
87	93
4	94
6	94
10	94
11	94
12	94
14	94
16	94
18	94
19	94
20	94
21	94
22	94
23	94
24	94
25	94
26	94
28	94
29	94
30	94
36	94
39	94
40	94
42	94
43	94
45	94
47	94
48	94
49	94
50	94
52	94
53	94
54	94
55	94
59	94
66	94
67	94
68	94
69	94
73	94
76	94
77	94
78	94
81	94
82	94
83	94
84	94
85	94
86	94
87	94
90	94
92	94
1	95
14	95
18	95
20	95
21	95
23	95
26	95
32	95
36	95
38	95
39	95
40	95
42	95
48	95
54	95
56	95
62	95
63	95
67	95
69	95
72	95
76	95
77	95
78	95
81	95
82	95
86	95
87	95
88	95
89	95
90	95
92	95
93	95
94	95
1	96
2	96
3	96
4	96
5	96
6	96
7	96
8	96
10	96
12	96
13	96
20	96
25	96
26	96
30	96
31	96
32	96
33	96
34	96
35	96
36	96
38	96
39	96
42	96
43	96
44	96
46	96
48	96
51	96
54	96
56	96
65	96
68	96
73	96
74	96
78	96
80	96
82	96
83	96
85	96
87	96
88	96
89	96
90	96
92	96
93	96
94	96
2	97
3	97
5	97
7	97
8	97
10	97
13	97
14	97
16	97
17	97
19	97
21	97
23	97
25	97
26	97
31	97
32	97
33	97
34	97
36	97
37	97
38	97
40	97
41	97
44	97
46	97
47	97
49	97
54	97
55	97
58	97
60	97
61	97
62	97
66	97
67	97
68	97
69	97
71	97
73	97
74	97
76	97
79	97
80	97
85	97
89	97
91	97
92	97
96	97
1	98
3	98
10	98
11	98
14	98
17	98
19	98
21	98
22	98
23	98
25	98
27	98
28	98
31	98
32	98
33	98
36	98
37	98
38	98
39	98
43	98
44	98
47	98
48	98
49	98
51	98
52	98
53	98
54	98
56	98
58	98
59	98
60	98
61	98
62	98
65	98
69	98
70	98
72	98
75	98
76	98
78	98
80	98
81	98
82	98
84	98
86	98
88	98
90	98
94	98
95	98
97	98
1	99
2	99
3	99
5	99
7	99
8	99
10	99
11	99
12	99
14	99
15	99
16	99
17	99
22	99
26	99
31	99
33	99
34	99
35	99
36	99
37	99
38	99
39	99
40	99
42	99
43	99
44	99
47	99
48	99
49	99
53	99
57	99
62	99
67	99
68	99
70	99
72	99
73	99
74	99
75	99
76	99
78	99
79	99
91	99
93	99
94	99
95	99
1	100
2	100
3	100
4	100
5	100
8	100
9	100
12	100
14	100
15	100
18	100
26	100
32	100
34	100
35	100
38	100
40	100
43	100
46	100
48	100
49	100
50	100
52	100
57	100
60	100
61	100
63	100
64	100
65	100
70	100
71	100
76	100
77	100
78	100
79	100
81	100
82	100
83	100
85	100
86	100
89	100
91	100
92	100
98	100
4	101
5	101
6	101
8	101
9	101
11	101
12	101
15	101
16	101
17	101
18	101
19	101
20	101
21	101
24	101
25	101
26	101
29	101
32	101
33	101
34	101
35	101
36	101
37	101
38	101
39	101
40	101
41	101
42	101
43	101
45	101
46	101
47	101
48	101
51	101
56	101
57	101
58	101
59	101
61	101
64	101
65	101
69	101
70	101
73	101
76	101
83	101
84	101
85	101
88	101
90	101
93	101
97	101
99	101
100	101
3	102
4	102
6	102
8	102
9	102
11	102
12	102
13	102
14	102
17	102
20	102
21	102
23	102
25	102
26	102
29	102
30	102
32	102
35	102
36	102
37	102
39	102
40	102
41	102
43	102
51	102
54	102
58	102
61	102
64	102
67	102
70	102
71	102
73	102
75	102
76	102
77	102
79	102
81	102
83	102
86	102
90	102
94	102
98	102
99	102
101	102
4	103
7	103
10	103
11	103
12	103
18	103
19	103
22	103
23	103
25	103
26	103
27	103
30	103
37	103
38	103
39	103
41	103
42	103
47	103
50	103
51	103
53	103
54	103
55	103
56	103
62	103
64	103
65	103
73	103
75	103
77	103
79	103
80	103
86	103
87	103
88	103
94	103
95	103
96	103
97	103
98	103
99	103
101	103
102	103
1	104
8	104
9	104
10	104
14	104
15	104
17	104
18	104
19	104
20	104
21	104
22	104
23	104
28	104
32	104
34	104
35	104
40	104
43	104
45	104
47	104
48	104
49	104
50	104
53	104
55	104
56	104
60	104
61	104
62	104
64	104
65	104
67	104
71	104
72	104
73	104
74	104
75	104
76	104
78	104
82	104
83	104
88	104
92	104
94	104
96	104
97	104
99	104
100	104
101	104
1	105
3	105
7	105
8	105
10	105
14	105
15	105
16	105
18	105
22	105
23	105
24	105
25	105
26	105
27	105
28	105
30	105
32	105
35	105
36	105
38	105
40	105
42	105
45	105
46	105
48	105
53	105
55	105
57	105
58	105
60	105
63	105
65	105
68	105
71	105
72	105
80	105
81	105
84	105
85	105
86	105
87	105
89	105
91	105
92	105
95	105
96	105
101	105
103	105
104	105
1	106
3	106
4	106
6	106
7	106
9	106
10	106
12	106
14	106
15	106
16	106
20	106
21	106
22	106
23	106
24	106
25	106
27	106
28	106
29	106
30	106
31	106
32	106
35	106
36	106
37	106
38	106
39	106
41	106
44	106
46	106
48	106
49	106
52	106
53	106
54	106
55	106
57	106
61	106
63	106
64	106
66	106
69	106
72	106
74	106
77	106
80	106
83	106
84	106
86	106
87	106
89	106
90	106
92	106
94	106
96	106
97	106
98	106
102	106
103	106
105	106
1	107
2	107
4	107
5	107
7	107
9	107
10	107
11	107
14	107
17	107
19	107
23	107
25	107
27	107
32	107
33	107
36	107
37	107
39	107
40	107
41	107
42	107
44	107
45	107
47	107
52	107
53	107
55	107
56	107
58	107
59	107
61	107
67	107
68	107
74	107
75	107
76	107
78	107
80	107
81	107
83	107
85	107
89	107
90	107
91	107
97	107
98	107
99	107
101	107
102	107
104	107
106	107
4	108
8	108
11	108
12	108
14	108
16	108
17	108
19	108
20	108
22	108
23	108
24	108
26	108
27	108
28	108
29	108
31	108
32	108
44	108
48	108
50	108
51	108
52	108
54	108
55	108
56	108
57	108
58	108
59	108
63	108
64	108
65	108
66	108
68	108
69	108
70	108
71	108
72	108
74	108
80	108
88	108
90	108
91	108
92	108
95	108
103	108
104	108
106	108
1	109
3	109
5	109
6	109
11	109
12	109
14	109
15	109
16	109
20	109
23	109
24	109
28	109
29	109
31	109
32	109
34	109
37	109
40	109
41	109
42	109
44	109
45	109
47	109
50	109
51	109
54	109
55	109
58	109
59	109
60	109
61	109
62	109
63	109
64	109
65	109
66	109
67	109
68	109
69	109
71	109
72	109
75	109
76	109
77	109
82	109
83	109
84	109
87	109
88	109
89	109
90	109
91	109
93	109
94	109
95	109
96	109
98	109
100	109
103	109
104	109
107	109
2	110
3	110
6	110
9	110
12	110
13	110
14	110
15	110
16	110
18	110
20	110
21	110
23	110
24	110
26	110
27	110
28	110
31	110
32	110
33	110
35	110
36	110
39	110
41	110
44	110
46	110
50	110
51	110
52	110
56	110
59	110
60	110
64	110
65	110
67	110
72	110
75	110
76	110
77	110
78	110
79	110
81	110
82	110
83	110
85	110
86	110
87	110
91	110
96	110
97	110
99	110
103	110
106	110
109	110
2	111
5	111
10	111
12	111
17	111
18	111
19	111
20	111
21	111
22	111
23	111
26	111
29	111
32	111
33	111
34	111
35	111
36	111
37	111
38	111
39	111
40	111
41	111
43	111
45	111
49	111
51	111
54	111
58	111
59	111
61	111
63	111
66	111
67	111
68	111
69	111
70	111
71	111
72	111
74	111
76	111
79	111
80	111
81	111
83	111
85	111
86	111
87	111
89	111
94	111
96	111
97	111
98	111
100	111
103	111
104	111
105	111
109	111
110	111
3	112
4	112
5	112
9	112
10	112
12	112
14	112
15	112
16	112
18	112
21	112
22	112
23	112
26	112
27	112
28	112
29	112
33	112
40	112
41	112
42	112
46	112
47	112
48	112
49	112
51	112
52	112
55	112
58	112
61	112
62	112
66	112
67	112
68	112
70	112
71	112
76	112
78	112
79	112
80	112
81	112
82	112
83	112
84	112
85	112
86	112
91	112
92	112
95	112
99	112
102	112
104	112
106	112
107	112
108	112
109	112
1	113
3	113
5	113
6	113
7	113
8	113
9	113
10	113
12	113
13	113
14	113
15	113
16	113
19	113
21	113
25	113
27	113
29	113
31	113
32	113
38	113
41	113
42	113
43	113
44	113
50	113
51	113
53	113
54	113
58	113
60	113
62	113
63	113
64	113
66	113
71	113
72	113
75	113
79	113
80	113
85	113
87	113
88	113
89	113
90	113
92	113
93	113
94	113
95	113
96	113
97	113
98	113
100	113
102	113
103	113
104	113
106	113
109	113
112	113
2	114
3	114
7	114
8	114
10	114
11	114
12	114
13	114
15	114
16	114
17	114
18	114
20	114
22	114
26	114
27	114
29	114
30	114
32	114
34	114
35	114
39	114
40	114
41	114
43	114
48	114
49	114
50	114
51	114
52	114
53	114
55	114
58	114
59	114
62	114
63	114
64	114
65	114
66	114
69	114
71	114
72	114
75	114
78	114
80	114
81	114
84	114
86	114
89	114
92	114
93	114
95	114
98	114
104	114
105	114
113	114
2	115
4	115
5	115
8	115
11	115
12	115
13	115
16	115
17	115
18	115
19	115
21	115
24	115
25	115
27	115
30	115
31	115
37	115
38	115
39	115
40	115
42	115
46	115
47	115
50	115
52	115
54	115
55	115
59	115
60	115
61	115
63	115
64	115
68	115
70	115
71	115
72	115
77	115
78	115
79	115
81	115
82	115
83	115
85	115
86	115
88	115
89	115
91	115
92	115
94	115
95	115
97	115
98	115
99	115
101	115
103	115
104	115
106	115
107	115
110	115
111	115
1	116
4	116
6	116
7	116
9	116
16	116
17	116
18	116
19	116
20	116
22	116
23	116
24	116
27	116
28	116
31	116
32	116
33	116
34	116
36	116
38	116
40	116
41	116
43	116
45	116
48	116
49	116
50	116
51	116
53	116
54	116
56	116
58	116
59	116
60	116
62	116
64	116
67	116
68	116
69	116
70	116
77	116
81	116
82	116
84	116
86	116
87	116
88	116
90	116
91	116
92	116
95	116
96	116
97	116
98	116
99	116
100	116
105	116
106	116
107	116
109	116
111	116
112	116
2	117
4	117
5	117
7	117
8	117
10	117
11	117
13	117
15	117
16	117
17	117
18	117
19	117
20	117
22	117
23	117
24	117
30	117
32	117
38	117
40	117
41	117
42	117
46	117
50	117
52	117
53	117
55	117
56	117
60	117
64	117
66	117
68	117
72	117
74	117
81	117
83	117
84	117
85	117
86	117
87	117
88	117
89	117
90	117
91	117
92	117
93	117
94	117
99	117
100	117
103	117
104	117
105	117
106	117
107	117
109	117
110	117
111	117
114	117
115	117
116	117
2	118
3	118
4	118
6	118
7	118
8	118
11	118
13	118
15	118
17	118
20	118
21	118
22	118
24	118
25	118
27	118
28	118
29	118
30	118
31	118
32	118
33	118
34	118
35	118
37	118
39	118
40	118
42	118
43	118
44	118
49	118
50	118
52	118
54	118
58	118
60	118
65	118
68	118
70	118
73	118
75	118
76	118
78	118
79	118
81	118
82	118
83	118
85	118
86	118
89	118
90	118
92	118
93	118
94	118
95	118
96	118
98	118
99	118
101	118
103	118
104	118
105	118
112	118
113	118
116	118
117	118
2	119
4	119
6	119
7	119
8	119
9	119
11	119
14	119
15	119
16	119
20	119
21	119
22	119
24	119
25	119
29	119
32	119
36	119
37	119
41	119
49	119
50	119
51	119
52	119
53	119
54	119
55	119
62	119
67	119
68	119
69	119
74	119
75	119
76	119
77	119
78	119
80	119
84	119
85	119
86	119
91	119
92	119
94	119
97	119
99	119
101	119
103	119
104	119
105	119
106	119
110	119
115	119
116	119
3	120
9	120
13	120
14	120
15	120
16	120
19	120
20	120
22	120
24	120
25	120
30	120
32	120
34	120
36	120
37	120
38	120
39	120
40	120
41	120
43	120
44	120
48	120
53	120
56	120
57	120
58	120
59	120
61	120
63	120
64	120
66	120
68	120
71	120
73	120
74	120
75	120
77	120
81	120
85	120
88	120
90	120
91	120
92	120
94	120
95	120
96	120
100	120
101	120
103	120
104	120
107	120
108	120
109	120
111	120
113	120
114	120
116	120
119	120
1	121
2	121
3	121
5	121
10	121
11	121
12	121
16	121
19	121
21	121
22	121
24	121
26	121
29	121
30	121
32	121
34	121
39	121
41	121
43	121
44	121
45	121
46	121
49	121
51	121
53	121
54	121
55	121
56	121
57	121
58	121
64	121
65	121
68	121
69	121
71	121
75	121
76	121
80	121
81	121
82	121
83	121
85	121
87	121
92	121
93	121
95	121
97	121
98	121
99	121
100	121
101	121
104	121
106	121
108	121
110	121
111	121
113	121
114	121
116	121
120	121
2	122
4	122
5	122
7	122
8	122
9	122
10	122
11	122
12	122
16	122
17	122
20	122
24	122
25	122
26	122
29	122
31	122
33	122
36	122
37	122
39	122
46	122
49	122
51	122
54	122
55	122
57	122
58	122
60	122
64	122
65	122
68	122
69	122
71	122
73	122
74	122
76	122
77	122
80	122
81	122
83	122
85	122
87	122
89	122
91	122
92	122
95	122
98	122
99	122
100	122
101	122
103	122
104	122
105	122
106	122
107	122
110	122
111	122
114	122
115	122
119	122
121	122
1	123
4	123
6	123
7	123
8	123
10	123
11	123
13	123
15	123
17	123
19	123
24	123
25	123
26	123
27	123
30	123
32	123
33	123
34	123
35	123
36	123
37	123
39	123
40	123
43	123
45	123
47	123
48	123
50	123
53	123
54	123
56	123
58	123
59	123
60	123
61	123
62	123
63	123
64	123
65	123
67	123
70	123
71	123
72	123
73	123
75	123
79	123
82	123
85	123
86	123
87	123
89	123
90	123
91	123
95	123
96	123
97	123
98	123
103	123
108	123
109	123
112	123
113	123
115	123
116	123
117	123
118	123
120	123
121	123
2	124
3	124
4	124
7	124
8	124
10	124
11	124
12	124
16	124
18	124
19	124
22	124
25	124
27	124
32	124
35	124
36	124
46	124
47	124
48	124
54	124
55	124
58	124
60	124
62	124
64	124
65	124
67	124
68	124
72	124
74	124
75	124
77	124
80	124
84	124
86	124
88	124
89	124
90	124
91	124
92	124
94	124
95	124
96	124
101	124
102	124
103	124
104	124
107	124
114	124
118	124
121	124
122	124
1	125
2	125
3	125
8	125
11	125
15	125
20	125
21	125
22	125
23	125
24	125
26	125
29	125
35	125
36	125
39	125
40	125
41	125
43	125
44	125
48	125
50	125
53	125
55	125
57	125
60	125
64	125
68	125
70	125
76	125
77	125
82	125
83	125
85	125
87	125
94	125
95	125
98	125
101	125
102	125
105	125
109	125
111	125
112	125
113	125
114	125
116	125
117	125
118	125
120	125
121	125
122	125
123	125
1	126
2	126
3	126
4	126
6	126
7	126
9	126
10	126
11	126
13	126
14	126
18	126
19	126
21	126
23	126
24	126
25	126
26	126
27	126
31	126
36	126
40	126
41	126
42	126
43	126
46	126
47	126
48	126
50	126
52	126
53	126
54	126
56	126
58	126
60	126
61	126
62	126
64	126
66	126
67	126
69	126
72	126
74	126
75	126
76	126
77	126
78	126
79	126
80	126
81	126
82	126
85	126
89	126
92	126
96	126
99	126
100	126
102	126
103	126
104	126
110	126
114	126
116	126
117	126
118	126
121	126
123	126
1	127
3	127
4	127
6	127
7	127
14	127
16	127
17	127
18	127
20	127
21	127
24	127
30	127
31	127
33	127
34	127
35	127
36	127
37	127
39	127
40	127
45	127
46	127
47	127
49	127
51	127
52	127
53	127
58	127
59	127
63	127
64	127
67	127
71	127
73	127
74	127
77	127
78	127
79	127
80	127
83	127
84	127
87	127
88	127
89	127
91	127
92	127
93	127
94	127
96	127
97	127
99	127
100	127
101	127
102	127
105	127
106	127
107	127
108	127
109	127
110	127
115	127
116	127
120	127
123	127
124	127
125	127
126	127
2	128
7	128
9	128
10	128
11	128
12	128
13	128
15	128
18	128
21	128
23	128
24	128
28	128
29	128
30	128
31	128
32	128
38	128
39	128
40	128
41	128
43	128
44	128
48	128
49	128
53	128
56	128
61	128
62	128
66	128
67	128
69	128
71	128
74	128
75	128
77	128
78	128
79	128
80	128
82	128
85	128
86	128
91	128
93	128
95	128
97	128
99	128
100	128
101	128
103	128
104	128
106	128
108	128
109	128
111	128
113	128
117	128
119	128
120	128
122	128
124	128
125	128
4	129
5	129
10	129
11	129
13	129
14	129
15	129
18	129
19	129
20	129
23	129
24	129
28	129
29	129
31	129
36	129
40	129
42	129
43	129
46	129
47	129
48	129
49	129
50	129
54	129
55	129
56	129
57	129
58	129
59	129
60	129
63	129
64	129
66	129
67	129
68	129
69	129
70	129
71	129
72	129
73	129
74	129
76	129
77	129
78	129
79	129
80	129
83	129
86	129
88	129
91	129
95	129
97	129
98	129
99	129
100	129
107	129
110	129
112	129
114	129
116	129
117	129
120	129
121	129
124	129
128	129
5	130
8	130
9	130
12	130
17	130
19	130
22	130
24	130
27	130
29	130
32	130
35	130
36	130
37	130
39	130
40	130
48	130
50	130
51	130
58	130
59	130
61	130
62	130
63	130
66	130
68	130
69	130
73	130
74	130
76	130
77	130
81	130
84	130
90	130
91	130
92	130
96	130
98	130
100	130
102	130
104	130
115	130
119	130
121	130
123	130
124	130
126	130
127	130
128	130
1	131
2	131
7	131
10	131
14	131
16	131
17	131
18	131
19	131
20	131
22	131
25	131
26	131
28	131
29	131
33	131
35	131
36	131
38	131
39	131
43	131
46	131
48	131
49	131
50	131
51	131
52	131
53	131
54	131
55	131
60	131
61	131
64	131
65	131
66	131
70	131
71	131
74	131
75	131
79	131
80	131
81	131
84	131
86	131
89	131
92	131
93	131
95	131
96	131
97	131
99	131
100	131
101	131
103	131
106	131
107	131
108	131
109	131
110	131
113	131
115	131
119	131
121	131
122	131
123	131
126	131
127	131
128	131
130	131
3	132
4	132
5	132
6	132
9	132
11	132
12	132
13	132
14	132
15	132
18	132
21	132
22	132
25	132
26	132
29	132
30	132
36	132
37	132
38	132
40	132
41	132
43	132
46	132
48	132
49	132
55	132
56	132
57	132
58	132
61	132
62	132
64	132
65	132
66	132
67	132
69	132
71	132
74	132
76	132
78	132
79	132
86	132
89	132
90	132
91	132
92	132
93	132
99	132
100	132
103	132
104	132
105	132
106	132
107	132
110	132
114	132
115	132
118	132
119	132
120	132
121	132
122	132
125	132
1	133
2	133
3	133
8	133
11	133
13	133
14	133
15	133
16	133
17	133
18	133
19	133
20	133
21	133
23	133
26	133
28	133
31	133
35	133
36	133
37	133
40	133
41	133
44	133
46	133
47	133
49	133
51	133
52	133
53	133
56	133
58	133
62	133
63	133
65	133
69	133
70	133
71	133
74	133
76	133
78	133
79	133
80	133
83	133
84	133
86	133
87	133
88	133
91	133
92	133
93	133
97	133
98	133
99	133
105	133
106	133
108	133
111	133
112	133
116	133
118	133
120	133
124	133
125	133
126	133
127	133
129	133
131	133
132	133
5	134
6	134
8	134
9	134
10	134
11	134
13	134
14	134
16	134
17	134
19	134
21	134
22	134
25	134
26	134
28	134
29	134
32	134
33	134
35	134
37	134
38	134
40	134
41	134
43	134
45	134
46	134
47	134
48	134
50	134
51	134
53	134
54	134
56	134
64	134
68	134
69	134
70	134
73	134
74	134
75	134
79	134
80	134
81	134
83	134
86	134
88	134
89	134
90	134
92	134
94	134
95	134
103	134
105	134
106	134
107	134
108	134
111	134
112	134
113	134
114	134
117	134
118	134
119	134
120	134
121	134
122	134
124	134
125	134
126	134
127	134
128	134
129	134
131	134
132	134
133	134
5	135
6	135
7	135
8	135
10	135
13	135
14	135
15	135
16	135
19	135
27	135
28	135
33	135
35	135
37	135
42	135
44	135
46	135
47	135
49	135
54	135
58	135
59	135
60	135
62	135
68	135
69	135
74	135
79	135
80	135
82	135
84	135
88	135
93	135
94	135
95	135
97	135
102	135
105	135
106	135
108	135
109	135
111	135
113	135
114	135
116	135
118	135
119	135
120	135
121	135
122	135
124	135
126	135
127	135
129	135
131	135
132	135
2	136
4	136
8	136
14	136
16	136
18	136
21	136
22	136
23	136
24	136
25	136
27	136
28	136
29	136
30	136
33	136
40	136
42	136
43	136
46	136
48	136
49	136
53	136
54	136
55	136
57	136
58	136
59	136
61	136
63	136
64	136
65	136
66	136
67	136
69	136
74	136
75	136
76	136
77	136
78	136
79	136
81	136
82	136
83	136
84	136
85	136
88	136
90	136
93	136
94	136
95	136
96	136
99	136
100	136
102	136
103	136
105	136
107	136
109	136
110	136
112	136
113	136
119	136
122	136
123	136
125	136
126	136
128	136
133	136
135	136
3	137
5	137
6	137
7	137
8	137
9	137
10	137
12	137
14	137
15	137
16	137
17	137
18	137
20	137
21	137
23	137
24	137
27	137
28	137
31	137
33	137
35	137
38	137
40	137
43	137
45	137
48	137
51	137
53	137
56	137
58	137
59	137
61	137
63	137
64	137
68	137
70	137
72	137
77	137
80	137
83	137
84	137
85	137
86	137
87	137
88	137
90	137
91	137
92	137
96	137
98	137
99	137
100	137
101	137
102	137
104	137
105	137
107	137
109	137
110	137
116	137
118	137
121	137
122	137
124	137
125	137
126	137
127	137
129	137
131	137
134	137
135	137
136	137
1	138
2	138
4	138
7	138
9	138
11	138
14	138
15	138
16	138
18	138
19	138
20	138
23	138
26	138
27	138
28	138
29	138
30	138
31	138
32	138
36	138
39	138
42	138
45	138
46	138
47	138
49	138
50	138
52	138
53	138
56	138
58	138
62	138
64	138
66	138
68	138
69	138
70	138
71	138
72	138
74	138
75	138
76	138
77	138
80	138
81	138
82	138
86	138
87	138
91	138
93	138
94	138
95	138
97	138
98	138
100	138
102	138
104	138
105	138
108	138
109	138
111	138
112	138
114	138
116	138
120	138
124	138
125	138
127	138
130	138
136	138
137	138
1	139
6	139
9	139
12	139
13	139
14	139
15	139
16	139
18	139
20	139
21	139
22	139
23	139
24	139
26	139
28	139
29	139
30	139
31	139
32	139
33	139
34	139
35	139
36	139
37	139
38	139
41	139
42	139
46	139
49	139
50	139
51	139
59	139
60	139
61	139
62	139
63	139
66	139
67	139
68	139
75	139
76	139
77	139
78	139
80	139
82	139
85	139
91	139
93	139
94	139
95	139
96	139
97	139
100	139
101	139
102	139
103	139
104	139
105	139
106	139
107	139
109	139
110	139
112	139
113	139
114	139
115	139
120	139
121	139
123	139
125	139
126	139
129	139
130	139
131	139
132	139
133	139
135	139
136	139
137	139
1	140
3	140
5	140
7	140
8	140
10	140
12	140
19	140
20	140
23	140
26	140
27	140
28	140
29	140
32	140
33	140
34	140
35	140
36	140
38	140
44	140
45	140
49	140
56	140
57	140
58	140
61	140
62	140
63	140
66	140
67	140
68	140
70	140
71	140
75	140
77	140
78	140
79	140
80	140
82	140
86	140
88	140
89	140
96	140
99	140
106	140
108	140
109	140
110	140
112	140
114	140
115	140
116	140
120	140
121	140
124	140
125	140
127	140
128	140
130	140
131	140
132	140
133	140
134	140
136	140
2	141
7	141
9	141
11	141
12	141
15	141
17	141
18	141
20	141
21	141
24	141
26	141
28	141
29	141
31	141
32	141
33	141
36	141
38	141
39	141
40	141
42	141
43	141
44	141
46	141
48	141
49	141
52	141
53	141
54	141
55	141
56	141
57	141
58	141
63	141
65	141
70	141
72	141
74	141
75	141
78	141
81	141
82	141
83	141
85	141
89	141
92	141
93	141
94	141
95	141
96	141
97	141
98	141
99	141
102	141
104	141
107	141
108	141
109	141
113	141
115	141
116	141
117	141
118	141
119	141
121	141
123	141
128	141
129	141
130	141
131	141
132	141
133	141
134	141
137	141
138	141
139	141
1	142
2	142
4	142
6	142
9	142
11	142
14	142
15	142
18	142
20	142
21	142
23	142
24	142
25	142
28	142
30	142
32	142
33	142
38	142
39	142
40	142
41	142
42	142
43	142
44	142
47	142
52	142
53	142
54	142
56	142
57	142
58	142
59	142
62	142
64	142
67	142
68	142
69	142
70	142
72	142
73	142
76	142
77	142
78	142
79	142
82	142
84	142
86	142
88	142
89	142
91	142
92	142
93	142
94	142
95	142
96	142
98	142
99	142
103	142
104	142
105	142
108	142
111	142
113	142
114	142
115	142
116	142
117	142
122	142
123	142
125	142
126	142
127	142
130	142
131	142
132	142
134	142
137	142
3	143
5	143
6	143
12	143
14	143
16	143
17	143
20	143
22	143
23	143
27	143
30	143
32	143
35	143
36	143
38	143
43	143
44	143
45	143
47	143
49	143
53	143
54	143
55	143
56	143
58	143
62	143
63	143
64	143
65	143
66	143
68	143
69	143
73	143
74	143
75	143
79	143
86	143
93	143
94	143
98	143
99	143
100	143
101	143
102	143
103	143
104	143
106	143
108	143
109	143
111	143
112	143
114	143
118	143
119	143
120	143
121	143
122	143
124	143
126	143
131	143
132	143
133	143
134	143
135	143
137	143
138	143
142	143
1	144
3	144
5	144
9	144
10	144
12	144
13	144
14	144
16	144
17	144
23	144
26	144
30	144
31	144
32	144
33	144
38	144
39	144
40	144
41	144
44	144
46	144
47	144
48	144
50	144
53	144
54	144
56	144
57	144
58	144
59	144
60	144
61	144
62	144
64	144
67	144
68	144
69	144
70	144
79	144
80	144
83	144
84	144
88	144
89	144
90	144
93	144
96	144
98	144
101	144
104	144
110	144
111	144
113	144
114	144
121	144
124	144
125	144
129	144
130	144
131	144
134	144
138	144
139	144
140	144
142	144
143	144
5	145
10	145
11	145
22	145
24	145
26	145
28	145
30	145
31	145
33	145
36	145
38	145
40	145
42	145
43	145
47	145
49	145
51	145
52	145
53	145
55	145
56	145
59	145
60	145
63	145
64	145
67	145
68	145
69	145
70	145
74	145
79	145
81	145
82	145
84	145
88	145
89	145
90	145
92	145
93	145
94	145
97	145
103	145
104	145
105	145
106	145
109	145
112	145
118	145
120	145
124	145
126	145
127	145
130	145
131	145
133	145
134	145
136	145
137	145
139	145
140	145
142	145
1	146
4	146
6	146
7	146
8	146
9	146
10	146
11	146
12	146
14	146
24	146
27	146
28	146
31	146
32	146
33	146
36	146
41	146
42	146
44	146
45	146
46	146
47	146
49	146
50	146
53	146
57	146
59	146
62	146
63	146
65	146
66	146
67	146
68	146
73	146
76	146
77	146
80	146
87	146
89	146
92	146
99	146
101	146
107	146
108	146
110	146
111	146
112	146
113	146
114	146
116	146
117	146
118	146
119	146
120	146
121	146
123	146
124	146
125	146
128	146
130	146
131	146
132	146
134	146
135	146
137	146
139	146
140	146
142	146
143	146
145	146
7	147
10	147
20	147
22	147
23	147
24	147
26	147
27	147
28	147
31	147
32	147
33	147
36	147
37	147
38	147
41	147
43	147
45	147
46	147
47	147
49	147
52	147
54	147
55	147
56	147
58	147
60	147
61	147
62	147
64	147
66	147
68	147
71	147
72	147
73	147
79	147
80	147
82	147
83	147
85	147
87	147
88	147
90	147
91	147
92	147
93	147
95	147
96	147
97	147
98	147
99	147
100	147
101	147
103	147
104	147
106	147
107	147
110	147
113	147
116	147
118	147
121	147
122	147
125	147
128	147
130	147
131	147
133	147
136	147
137	147
140	147
144	147
3	148
7	148
9	148
12	148
15	148
16	148
17	148
19	148
20	148
21	148
22	148
23	148
25	148
26	148
36	148
38	148
43	148
48	148
49	148
50	148
51	148
53	148
56	148
57	148
58	148
59	148
60	148
64	148
65	148
67	148
73	148
74	148
77	148
78	148
80	148
82	148
83	148
86	148
92	148
94	148
97	148
100	148
102	148
104	148
106	148
109	148
112	148
113	148
115	148
117	148
118	148
126	148
128	148
129	148
130	148
131	148
134	148
135	148
136	148
137	148
138	148
139	148
142	148
144	148
1	149
2	149
5	149
8	149
11	149
12	149
13	149
15	149
16	149
17	149
18	149
20	149
21	149
22	149
27	149
29	149
32	149
33	149
36	149
39	149
44	149
51	149
55	149
57	149
58	149
59	149
61	149
62	149
63	149
65	149
69	149
70	149
71	149
72	149
74	149
76	149
81	149
85	149
88	149
89	149
91	149
96	149
98	149
99	149
100	149
101	149
102	149
103	149
104	149
107	149
109	149
111	149
113	149
114	149
116	149
120	149
121	149
122	149
125	149
127	149
129	149
131	149
133	149
139	149
140	149
144	149
1	150
2	150
3	150
4	150
6	150
9	150
11	150
15	150
17	150
19	150
20	150
21	150
23	150
24	150
25	150
26	150
30	150
33	150
37	150
40	150
42	150
44	150
45	150
46	150
50	150
51	150
52	150
54	150
55	150
56	150
57	150
58	150
64	150
68	150
73	150
74	150
77	150
78	150
79	150
82	150
84	150
86	150
87	150
91	150
92	150
93	150
95	150
96	150
97	150
98	150
99	150
100	150
103	150
104	150
107	150
108	150
109	150
117	150
118	150
120	150
121	150
122	150
124	150
125	150
126	150
127	150
128	150
130	150
132	150
135	150
136	150
138	150
142	150
146	150
148	150
1	151
3	151
5	151
7	151
8	151
11	151
12	151
14	151
16	151
18	151
19	151
20	151
21	151
22	151
25	151
27	151
28	151
29	151
30	151
32	151
36	151
38	151
39	151
40	151
41	151
42	151
48	151
52	151
53	151
55	151
59	151
60	151
61	151
62	151
63	151
66	151
68	151
69	151
72	151
73	151
77	151
80	151
81	151
82	151
86	151
87	151
88	151
94	151
95	151
98	151
99	151
100	151
104	151
108	151
109	151
116	151
117	151
118	151
121	151
122	151
123	151
125	151
126	151
131	151
132	151
133	151
134	151
136	151
138	151
141	151
145	151
148	151
149	151
6	152
8	152
9	152
13	152
17	152
24	152
25	152
26	152
27	152
29	152
31	152
35	152
37	152
40	152
43	152
44	152
46	152
47	152
50	152
51	152
52	152
58	152
59	152
62	152
63	152
64	152
65	152
69	152
70	152
71	152
72	152
75	152
77	152
79	152
80	152
84	152
86	152
87	152
88	152
91	152
92	152
96	152
97	152
98	152
99	152
100	152
102	152
109	152
110	152
111	152
112	152
113	152
114	152
115	152
117	152
118	152
119	152
120	152
122	152
124	152
125	152
128	152
130	152
131	152
138	152
139	152
142	152
143	152
145	152
146	152
150	152
1	153
2	153
6	153
7	153
12	153
16	153
17	153
23	153
26	153
27	153
28	153
29	153
30	153
31	153
34	153
36	153
38	153
41	153
42	153
43	153
44	153
47	153
50	153
55	153
61	153
62	153
63	153
64	153
66	153
67	153
68	153
72	153
74	153
76	153
78	153
81	153
82	153
84	153
85	153
89	153
92	153
95	153
99	153
100	153
105	153
109	153
112	153
113	153
115	153
116	153
117	153
118	153
119	153
120	153
121	153
123	153
124	153
125	153
131	153
132	153
133	153
139	153
140	153
141	153
142	153
143	153
145	153
146	153
147	153
148	153
149	153
2	154
6	154
7	154
10	154
12	154
14	154
15	154
18	154
21	154
22	154
26	154
27	154
30	154
31	154
32	154
35	154
38	154
39	154
40	154
43	154
45	154
47	154
49	154
50	154
51	154
52	154
55	154
56	154
57	154
58	154
61	154
65	154
66	154
68	154
71	154
72	154
74	154
77	154
81	154
82	154
83	154
85	154
86	154
90	154
91	154
92	154
94	154
97	154
98	154
99	154
100	154
101	154
106	154
110	154
112	154
114	154
115	154
116	154
122	154
123	154
124	154
126	154
128	154
129	154
131	154
132	154
133	154
134	154
136	154
138	154
140	154
145	154
148	154
149	154
150	154
153	154
2	155
3	155
7	155
8	155
10	155
13	155
22	155
24	155
25	155
28	155
30	155
35	155
36	155
37	155
38	155
39	155
40	155
41	155
44	155
45	155
47	155
49	155
50	155
51	155
52	155
53	155
55	155
59	155
60	155
62	155
63	155
65	155
66	155
71	155
78	155
79	155
81	155
84	155
88	155
89	155
92	155
95	155
97	155
101	155
104	155
105	155
107	155
108	155
109	155
112	155
113	155
114	155
116	155
117	155
118	155
119	155
120	155
121	155
122	155
123	155
126	155
127	155
131	155
135	155
137	155
139	155
140	155
142	155
145	155
146	155
147	155
148	155
149	155
151	155
154	155
1	156
2	156
3	156
4	156
6	156
7	156
8	156
9	156
10	156
11	156
13	156
14	156
15	156
17	156
18	156
19	156
20	156
21	156
22	156
23	156
24	156
25	156
26	156
28	156
29	156
33	156
39	156
41	156
42	156
43	156
48	156
54	156
55	156
57	156
59	156
60	156
61	156
62	156
63	156
64	156
65	156
66	156
67	156
68	156
69	156
71	156
72	156
73	156
75	156
76	156
78	156
79	156
80	156
81	156
82	156
84	156
85	156
87	156
88	156
89	156
90	156
92	156
93	156
94	156
96	156
98	156
101	156
104	156
105	156
106	156
109	156
110	156
112	156
115	156
117	156
118	156
121	156
123	156
124	156
125	156
126	156
127	156
129	156
130	156
131	156
135	156
136	156
139	156
140	156
141	156
142	156
146	156
149	156
155	156
1	157
2	157
3	157
7	157
8	157
9	157
15	157
16	157
19	157
20	157
22	157
23	157
27	157
36	157
38	157
39	157
42	157
44	157
45	157
46	157
47	157
49	157
51	157
53	157
55	157
56	157
57	157
58	157
59	157
68	157
70	157
71	157
72	157
73	157
74	157
76	157
77	157
79	157
80	157
82	157
85	157
87	157
89	157
91	157
92	157
93	157
94	157
95	157
97	157
98	157
100	157
102	157
103	157
105	157
109	157
110	157
111	157
113	157
114	157
115	157
118	157
122	157
124	157
125	157
128	157
130	157
133	157
134	157
137	157
138	157
139	157
140	157
141	157
142	157
143	157
144	157
145	157
146	157
155	157
1	158
4	158
5	158
6	158
12	158
13	158
14	158
16	158
17	158
19	158
20	158
24	158
25	158
32	158
35	158
37	158
38	158
40	158
42	158
43	158
44	158
45	158
47	158
48	158
51	158
52	158
53	158
56	158
59	158
61	158
63	158
64	158
67	158
70	158
71	158
73	158
74	158
77	158
81	158
85	158
87	158
90	158
91	158
92	158
96	158
97	158
99	158
104	158
109	158
111	158
112	158
113	158
115	158
116	158
123	158
124	158
125	158
127	158
128	158
130	158
131	158
132	158
133	158
135	158
136	158
139	158
143	158
144	158
146	158
147	158
148	158
152	158
153	158
155	158
157	158
1	159
3	159
5	159
6	159
8	159
9	159
11	159
14	159
17	159
22	159
24	159
25	159
30	159
31	159
35	159
36	159
38	159
39	159
48	159
50	159
53	159
55	159
58	159
60	159
65	159
66	159
67	159
68	159
73	159
74	159
75	159
82	159
84	159
89	159
90	159
94	159
95	159
96	159
97	159
98	159
100	159
101	159
102	159
103	159
106	159
107	159
110	159
111	159
113	159
114	159
115	159
116	159
117	159
118	159
119	159
121	159
122	159
123	159
126	159
129	159
130	159
131	159
132	159
135	159
136	159
139	159
140	159
141	159
142	159
144	159
146	159
147	159
150	159
151	159
156	159
157	159
158	159
2	160
3	160
4	160
6	160
12	160
14	160
15	160
16	160
17	160
19	160
20	160
23	160
24	160
25	160
26	160
27	160
28	160
29	160
30	160
32	160
33	160
35	160
36	160
37	160
38	160
39	160
40	160
41	160
42	160
49	160
50	160
54	160
55	160
59	160
60	160
61	160
62	160
65	160
66	160
67	160
69	160
72	160
73	160
76	160
78	160
80	160
81	160
83	160
84	160
85	160
86	160
87	160
91	160
96	160
97	160
99	160
101	160
102	160
104	160
105	160
107	160
108	160
109	160
110	160
111	160
113	160
114	160
115	160
119	160
123	160
124	160
131	160
134	160
135	160
136	160
138	160
139	160
140	160
143	160
144	160
145	160
148	160
150	160
151	160
152	160
155	160
157	160
159	160
1	161
2	161
6	161
8	161
10	161
12	161
13	161
14	161
17	161
18	161
20	161
21	161
22	161
23	161
24	161
26	161
27	161
29	161
31	161
32	161
34	161
35	161
39	161
40	161
43	161
50	161
51	161
53	161
55	161
56	161
60	161
61	161
62	161
66	161
67	161
68	161
70	161
73	161
74	161
81	161
84	161
85	161
86	161
87	161
88	161
89	161
90	161
91	161
92	161
94	161
96	161
102	161
103	161
104	161
107	161
109	161
111	161
115	161
116	161
117	161
118	161
119	161
121	161
122	161
123	161
124	161
125	161
128	161
130	161
135	161
137	161
140	161
143	161
144	161
146	161
147	161
148	161
152	161
158	161
159	161
1	162
2	162
4	162
11	162
12	162
13	162
16	162
19	162
20	162
21	162
23	162
24	162
25	162
28	162
31	162
34	162
39	162
41	162
45	162
46	162
47	162
48	162
49	162
53	162
55	162
56	162
58	162
60	162
61	162
63	162
64	162
65	162
68	162
69	162
71	162
72	162
73	162
77	162
78	162
80	162
81	162
86	162
90	162
93	162
95	162
97	162
98	162
99	162
108	162
115	162
119	162
120	162
124	162
126	162
127	162
134	162
136	162
137	162
138	162
139	162
141	162
142	162
143	162
144	162
147	162
148	162
149	162
154	162
155	162
158	162
161	162
1	163
2	163
3	163
4	163
5	163
7	163
11	163
12	163
13	163
17	163
18	163
19	163
20	163
21	163
25	163
28	163
29	163
33	163
34	163
36	163
38	163
43	163
44	163
47	163
48	163
52	163
54	163
56	163
58	163
63	163
64	163
67	163
72	163
79	163
80	163
81	163
86	163
87	163
89	163
90	163
91	163
92	163
94	163
95	163
96	163
98	163
99	163
100	163
101	163
102	163
104	163
108	163
109	163
110	163
113	163
117	163
118	163
120	163
121	163
122	163
124	163
126	163
127	163
129	163
131	163
132	163
133	163
134	163
136	163
138	163
139	163
140	163
142	163
147	163
148	163
150	163
151	163
154	163
156	163
158	163
159	163
160	163
6	164
8	164
9	164
12	164
13	164
16	164
22	164
23	164
25	164
31	164
32	164
35	164
36	164
37	164
39	164
42	164
43	164
44	164
47	164
48	164
51	164
53	164
55	164
59	164
67	164
68	164
70	164
72	164
74	164
75	164
76	164
78	164
79	164
81	164
82	164
84	164
85	164
87	164
89	164
90	164
91	164
97	164
100	164
107	164
109	164
112	164
114	164
115	164
120	164
122	164
123	164
124	164
129	164
132	164
136	164
138	164
140	164
142	164
143	164
144	164
147	164
148	164
150	164
154	164
156	164
157	164
159	164
160	164
162	164
163	164
3	165
4	165
5	165
6	165
9	165
11	165
14	165
17	165
23	165
24	165
27	165
30	165
33	165
34	165
35	165
36	165
38	165
40	165
41	165
42	165
43	165
45	165
46	165
48	165
53	165
55	165
56	165
58	165
59	165
63	165
64	165
65	165
66	165
67	165
70	165
73	165
75	165
76	165
79	165
83	165
85	165
89	165
90	165
95	165
97	165
99	165
101	165
102	165
104	165
108	165
109	165
110	165
112	165
113	165
114	165
115	165
116	165
117	165
118	165
119	165
120	165
121	165
124	165
126	165
130	165
133	165
138	165
142	165
145	165
147	165
151	165
153	165
154	165
158	165
160	165
161	165
162	165
163	165
164	165
1	166
2	166
4	166
6	166
7	166
9	166
12	166
16	166
17	166
18	166
19	166
22	166
24	166
26	166
29	166
32	166
34	166
35	166
36	166
38	166
40	166
41	166
42	166
44	166
45	166
47	166
48	166
50	166
53	166
56	166
60	166
61	166
62	166
63	166
66	166
67	166
68	166
69	166
73	166
76	166
77	166
81	166
83	166
84	166
86	166
87	166
88	166
89	166
91	166
95	166
99	166
102	166
104	166
105	166
107	166
108	166
109	166
110	166
111	166
112	166
114	166
115	166
116	166
117	166
121	166
123	166
124	166
127	166
129	166
130	166
131	166
132	166
135	166
136	166
138	166
139	166
143	166
144	166
145	166
147	166
148	166
152	166
157	166
158	166
159	166
165	166
2	167
3	167
6	167
10	167
14	167
15	167
16	167
17	167
18	167
19	167
20	167
21	167
22	167
23	167
24	167
26	167
28	167
30	167
32	167
33	167
34	167
36	167
39	167
41	167
43	167
45	167
46	167
47	167
48	167
49	167
50	167
52	167
53	167
56	167
57	167
58	167
61	167
64	167
66	167
67	167
69	167
71	167
73	167
76	167
78	167
80	167
82	167
83	167
84	167
85	167
90	167
93	167
94	167
99	167
100	167
102	167
103	167
104	167
106	167
111	167
112	167
114	167
115	167
122	167
123	167
126	167
127	167
131	167
132	167
133	167
135	167
137	167
141	167
142	167
143	167
145	167
147	167
148	167
151	167
152	167
154	167
156	167
158	167
159	167
161	167
162	167
163	167
164	167
166	167
1	168
2	168
5	168
6	168
7	168
10	168
12	168
13	168
15	168
17	168
18	168
23	168
24	168
26	168
27	168
29	168
30	168
31	168
34	168
38	168
40	168
42	168
44	168
45	168
47	168
48	168
49	168
50	168
53	168
54	168
55	168
56	168
59	168
66	168
67	168
68	168
69	168
70	168
73	168
74	168
75	168
78	168
85	168
86	168
87	168
88	168
89	168
90	168
91	168
94	168
95	168
96	168
97	168
99	168
101	168
102	168
105	168
109	168
110	168
111	168
112	168
115	168
116	168
125	168
126	168
127	168
129	168
131	168
132	168
134	168
135	168
136	168
137	168
140	168
141	168
142	168
145	168
153	168
154	168
155	168
156	168
157	168
158	168
159	168
161	168
162	168
165	168
166	168
167	168
3	169
4	169
6	169
7	169
9	169
10	169
12	169
13	169
17	169
18	169
19	169
20	169
21	169
22	169
24	169
26	169
27	169
28	169
29	169
31	169
34	169
39	169
40	169
42	169
43	169
44	169
48	169
49	169
51	169
53	169
54	169
56	169
58	169
59	169
61	169
63	169
66	169
68	169
69	169
70	169
74	169
76	169
82	169
83	169
84	169
85	169
86	169
89	169
90	169
93	169
94	169
99	169
100	169
102	169
104	169
105	169
107	169
110	169
114	169
115	169
117	169
121	169
122	169
123	169
125	169
126	169
129	169
130	169
134	169
137	169
143	169
144	169
145	169
146	169
148	169
150	169
151	169
152	169
153	169
159	169
160	169
162	169
163	169
164	169
165	169
167	169
1	170
2	170
4	170
5	170
6	170
7	170
8	170
10	170
11	170
13	170
15	170
18	170
20	170
22	170
23	170
24	170
27	170
28	170
29	170
31	170
34	170
36	170
38	170
39	170
40	170
42	170
43	170
46	170
49	170
50	170
51	170
54	170
55	170
56	170
57	170
59	170
60	170
62	170
63	170
64	170
66	170
69	170
70	170
71	170
72	170
75	170
76	170
77	170
78	170
79	170
80	170
82	170
87	170
90	170
91	170
93	170
94	170
97	170
101	170
102	170
103	170
108	170
111	170
114	170
115	170
118	170
120	170
123	170
124	170
126	170
130	170
132	170
139	170
140	170
143	170
144	170
147	170
148	170
151	170
152	170
158	170
161	170
163	170
164	170
168	170
169	170
2	171
6	171
8	171
13	171
14	171
15	171
16	171
17	171
18	171
19	171
22	171
24	171
25	171
26	171
27	171
30	171
32	171
33	171
34	171
35	171
37	171
40	171
41	171
42	171
45	171
47	171
48	171
52	171
53	171
57	171
58	171
59	171
60	171
61	171
62	171
63	171
65	171
67	171
70	171
73	171
74	171
75	171
76	171
78	171
79	171
81	171
82	171
83	171
88	171
90	171
93	171
95	171
97	171
99	171
101	171
104	171
108	171
110	171
114	171
116	171
117	171
123	171
124	171
125	171
126	171
129	171
132	171
135	171
136	171
137	171
138	171
139	171
140	171
141	171
142	171
143	171
144	171
146	171
152	171
153	171
155	171
157	171
158	171
160	171
161	171
163	171
165	171
166	171
167	171
168	171
2	172
3	172
4	172
5	172
8	172
10	172
11	172
12	172
14	172
16	172
17	172
18	172
20	172
22	172
25	172
26	172
27	172
34	172
35	172
36	172
37	172
39	172
40	172
41	172
42	172
47	172
49	172
51	172
52	172
58	172
59	172
60	172
62	172
63	172
64	172
65	172
67	172
68	172
69	172
73	172
75	172
76	172
77	172
78	172
80	172
83	172
85	172
87	172
89	172
90	172
91	172
96	172
97	172
100	172
101	172
103	172
104	172
107	172
109	172
110	172
115	172
116	172
117	172
118	172
119	172
120	172
126	172
129	172
130	172
131	172
132	172
133	172
135	172
136	172
138	172
140	172
142	172
143	172
145	172
147	172
148	172
149	172
151	172
152	172
153	172
154	172
156	172
157	172
159	172
161	172
168	172
171	172
2	173
10	173
12	173
14	173
16	173
18	173
21	173
23	173
24	173
25	173
29	173
30	173
32	173
33	173
34	173
38	173
39	173
44	173
45	173
46	173
47	173
48	173
49	173
51	173
52	173
53	173
54	173
55	173
64	173
66	173
68	173
69	173
70	173
72	173
73	173
75	173
76	173
77	173
78	173
80	173
82	173
83	173
84	173
87	173
89	173
93	173
94	173
95	173
98	173
99	173
100	173
101	173
102	173
103	173
104	173
105	173
110	173
112	173
113	173
117	173
119	173
120	173
121	173
122	173
123	173
124	173
125	173
126	173
127	173
130	173
132	173
133	173
135	173
136	173
137	173
139	173
140	173
141	173
145	173
146	173
148	173
152	173
155	173
157	173
158	173
159	173
163	173
164	173
166	173
167	173
171	173
1	174
3	174
5	174
9	174
10	174
11	174
12	174
14	174
16	174
17	174
18	174
20	174
23	174
24	174
26	174
27	174
29	174
31	174
36	174
37	174
38	174
43	174
44	174
46	174
55	174
56	174
57	174
59	174
62	174
66	174
68	174
69	174
70	174
74	174
75	174
76	174
77	174
78	174
79	174
80	174
81	174
88	174
90	174
91	174
92	174
94	174
96	174
97	174
99	174
100	174
101	174
103	174
107	174
109	174
111	174
112	174
116	174
117	174
120	174
121	174
122	174
124	174
130	174
131	174
134	174
137	174
138	174
140	174
143	174
144	174
145	174
146	174
152	174
154	174
157	174
161	174
163	174
164	174
166	174
167	174
168	174
171	174
173	174
3	175
6	175
7	175
8	175
12	175
15	175
17	175
18	175
19	175
21	175
23	175
24	175
29	175
30	175
32	175
35	175
37	175
38	175
39	175
40	175
43	175
44	175
45	175
46	175
48	175
49	175
50	175
51	175
53	175
54	175
59	175
60	175
64	175
65	175
68	175
71	175
77	175
80	175
82	175
85	175
86	175
87	175
88	175
89	175
91	175
92	175
93	175
95	175
97	175
98	175
105	175
106	175
108	175
110	175
111	175
114	175
115	175
118	175
120	175
121	175
122	175
124	175
125	175
127	175
131	175
134	175
136	175
138	175
139	175
143	175
144	175
146	175
147	175
151	175
157	175
158	175
160	175
162	175
164	175
167	175
168	175
171	175
1	176
3	176
8	176
9	176
13	176
16	176
19	176
22	176
30	176
31	176
32	176
33	176
34	176
37	176
40	176
41	176
43	176
44	176
45	176
47	176
48	176
50	176
53	176
54	176
58	176
59	176
60	176
61	176
63	176
66	176
68	176
69	176
72	176
73	176
74	176
78	176
80	176
82	176
83	176
85	176
88	176
91	176
97	176
98	176
99	176
101	176
104	176
105	176
106	176
108	176
110	176
111	176
112	176
116	176
118	176
120	176
122	176
123	176
124	176
125	176
126	176
128	176
129	176
130	176
131	176
133	176
134	176
136	176
138	176
139	176
140	176
141	176
142	176
143	176
144	176
145	176
146	176
147	176
148	176
150	176
151	176
153	176
154	176
156	176
160	176
161	176
162	176
164	176
165	176
169	176
170	176
173	176
175	176
1	177
2	177
3	177
5	177
6	177
7	177
8	177
11	177
13	177
14	177
16	177
20	177
21	177
22	177
25	177
27	177
28	177
29	177
32	177
34	177
35	177
38	177
39	177
40	177
43	177
44	177
47	177
48	177
49	177
50	177
52	177
54	177
56	177
58	177
59	177
61	177
62	177
67	177
68	177
69	177
70	177
72	177
73	177
76	177
82	177
87	177
88	177
90	177
94	177
97	177
98	177
99	177
100	177
101	177
102	177
103	177
104	177
105	177
107	177
108	177
110	177
111	177
113	177
114	177
115	177
118	177
119	177
122	177
125	177
126	177
128	177
129	177
131	177
132	177
134	177
135	177
136	177
139	177
140	177
141	177
143	177
144	177
145	177
146	177
148	177
149	177
150	177
151	177
153	177
154	177
155	177
156	177
158	177
161	177
164	177
165	177
167	177
171	177
172	177
173	177
174	177
175	177
2	178
3	178
4	178
9	178
10	178
11	178
12	178
15	178
16	178
19	178
20	178
21	178
23	178
24	178
25	178
33	178
34	178
38	178
39	178
40	178
42	178
43	178
45	178
47	178
50	178
51	178
52	178
53	178
54	178
56	178
59	178
61	178
62	178
63	178
66	178
67	178
68	178
70	178
72	178
75	178
77	178
79	178
82	178
83	178
84	178
86	178
89	178
90	178
92	178
93	178
94	178
96	178
99	178
100	178
101	178
105	178
106	178
110	178
113	178
116	178
118	178
120	178
122	178
128	178
129	178
130	178
131	178
133	178
135	178
136	178
139	178
141	178
144	178
145	178
146	178
147	178
148	178
152	178
155	178
157	178
158	178
159	178
162	178
163	178
168	178
169	178
170	178
171	178
172	178
173	178
175	178
1	179
2	179
6	179
8	179
9	179
11	179
12	179
15	179
17	179
18	179
19	179
20	179
27	179
28	179
30	179
33	179
36	179
39	179
42	179
44	179
45	179
46	179
48	179
49	179
51	179
52	179
53	179
57	179
59	179
60	179
61	179
62	179
63	179
66	179
69	179
71	179
73	179
78	179
79	179
81	179
82	179
85	179
87	179
88	179
90	179
92	179
94	179
95	179
97	179
98	179
100	179
101	179
103	179
105	179
107	179
108	179
109	179
114	179
115	179
116	179
119	179
122	179
124	179
126	179
128	179
129	179
130	179
133	179
135	179
137	179
138	179
139	179
142	179
144	179
146	179
147	179
148	179
149	179
150	179
153	179
154	179
155	179
157	179
158	179
160	179
161	179
162	179
164	179
165	179
167	179
168	179
171	179
172	179
176	179
4	180
6	180
7	180
9	180
11	180
12	180
13	180
14	180
15	180
16	180
20	180
21	180
23	180
24	180
29	180
32	180
36	180
38	180
40	180
41	180
43	180
44	180
51	180
52	180
53	180
55	180
58	180
62	180
65	180
66	180
68	180
69	180
70	180
71	180
73	180
81	180
82	180
85	180
86	180
87	180
88	180
89	180
90	180
92	180
93	180
94	180
95	180
97	180
99	180
101	180
102	180
103	180
105	180
107	180
109	180
110	180
111	180
113	180
114	180
117	180
118	180
119	180
120	180
124	180
127	180
130	180
131	180
134	180
135	180
140	180
142	180
143	180
144	180
147	180
150	180
153	180
156	180
157	180
159	180
160	180
162	180
166	180
168	180
170	180
171	180
172	180
174	180
175	180
179	180
4	181
6	181
8	181
10	181
11	181
12	181
15	181
17	181
18	181
19	181
21	181
22	181
23	181
27	181
28	181
29	181
35	181
36	181
39	181
42	181
43	181
45	181
47	181
48	181
49	181
52	181
55	181
57	181
61	181
62	181
66	181
68	181
69	181
79	181
86	181
87	181
88	181
91	181
93	181
94	181
96	181
97	181
98	181
99	181
100	181
104	181
105	181
106	181
109	181
110	181
111	181
113	181
114	181
115	181
116	181
117	181
118	181
119	181
120	181
124	181
125	181
126	181
127	181
129	181
131	181
132	181
137	181
138	181
139	181
142	181
143	181
146	181
151	181
152	181
155	181
156	181
157	181
160	181
163	181
165	181
166	181
167	181
169	181
170	181
171	181
178	181
1	182
4	182
5	182
8	182
9	182
10	182
11	182
13	182
14	182
16	182
22	182
23	182
24	182
28	182
29	182
32	182
33	182
34	182
35	182
36	182
37	182
38	182
41	182
42	182
44	182
46	182
47	182
55	182
56	182
57	182
58	182
59	182
60	182
63	182
65	182
67	182
69	182
72	182
73	182
74	182
75	182
77	182
79	182
83	182
84	182
86	182
87	182
91	182
93	182
95	182
96	182
98	182
99	182
101	182
102	182
104	182
106	182
107	182
109	182
110	182
111	182
113	182
116	182
117	182
118	182
121	182
122	182
125	182
126	182
127	182
130	182
131	182
132	182
134	182
138	182
139	182
147	182
151	182
152	182
155	182
158	182
159	182
160	182
164	182
167	182
171	182
172	182
173	182
176	182
178	182
180	182
3	183
4	183
6	183
8	183
11	183
12	183
13	183
15	183
18	183
19	183
21	183
22	183
23	183
26	183
27	183
31	183
33	183
35	183
37	183
40	183
44	183
50	183
52	183
53	183
54	183
55	183
56	183
57	183
58	183
60	183
61	183
64	183
65	183
66	183
68	183
70	183
71	183
73	183
74	183
75	183
76	183
78	183
79	183
80	183
81	183
82	183
83	183
84	183
86	183
87	183
91	183
92	183
95	183
97	183
100	183
101	183
104	183
105	183
106	183
107	183
111	183
114	183
116	183
117	183
119	183
122	183
123	183
125	183
127	183
130	183
134	183
135	183
137	183
140	183
141	183
142	183
143	183
144	183
146	183
148	183
151	183
156	183
160	183
161	183
164	183
165	183
166	183
167	183
168	183
170	183
174	183
176	183
177	183
178	183
179	183
1	184
2	184
4	184
8	184
9	184
10	184
11	184
13	184
18	184
19	184
21	184
22	184
23	184
24	184
25	184
26	184
27	184
29	184
31	184
33	184
35	184
36	184
38	184
40	184
41	184
42	184
43	184
44	184
45	184
47	184
50	184
52	184
54	184
55	184
59	184
60	184
61	184
62	184
63	184
64	184
65	184
66	184
68	184
69	184
73	184
74	184
75	184
77	184
79	184
81	184
84	184
85	184
86	184
88	184
89	184
90	184
92	184
93	184
95	184
97	184
99	184
100	184
101	184
105	184
106	184
107	184
109	184
110	184
111	184
113	184
116	184
118	184
119	184
121	184
123	184
125	184
128	184
135	184
136	184
137	184
138	184
144	184
146	184
147	184
151	184
154	184
155	184
157	184
158	184
159	184
162	184
163	184
168	184
169	184
170	184
173	184
177	184
178	184
183	184
2	185
3	185
4	185
7	185
8	185
10	185
13	185
14	185
16	185
17	185
18	185
19	185
20	185
21	185
23	185
26	185
27	185
29	185
30	185
32	185
36	185
38	185
39	185
42	185
44	185
45	185
46	185
47	185
55	185
56	185
57	185
61	185
62	185
64	185
65	185
66	185
67	185
68	185
71	185
72	185
75	185
77	185
78	185
81	185
82	185
83	185
84	185
85	185
87	185
90	185
92	185
94	185
95	185
96	185
103	185
106	185
107	185
108	185
112	185
117	185
118	185
119	185
120	185
125	185
128	185
131	185
132	185
133	185
136	185
140	185
143	185
145	185
146	185
147	185
148	185
150	185
159	185
160	185
161	185
162	185
166	185
167	185
168	185
169	185
171	185
174	185
176	185
177	185
179	185
180	185
181	185
183	185
1	186
5	186
6	186
7	186
10	186
13	186
14	186
16	186
17	186
19	186
22	186
24	186
26	186
27	186
29	186
30	186
31	186
34	186
36	186
39	186
40	186
41	186
42	186
45	186
47	186
48	186
51	186
52	186
53	186
57	186
58	186
60	186
61	186
65	186
67	186
68	186
69	186
70	186
72	186
74	186
77	186
80	186
82	186
83	186
84	186
85	186
86	186
88	186
91	186
92	186
94	186
96	186
97	186
99	186
100	186
101	186
102	186
103	186
104	186
105	186
106	186
108	186
109	186
112	186
113	186
117	186
119	186
121	186
122	186
123	186
124	186
125	186
127	186
132	186
134	186
136	186
138	186
139	186
140	186
141	186
142	186
143	186
145	186
146	186
147	186
148	186
150	186
151	186
152	186
155	186
156	186
157	186
161	186
162	186
169	186
172	186
176	186
177	186
179	186
180	186
181	186
182	186
184	186
185	186
1	187
2	187
3	187
4	187
5	187
6	187
9	187
12	187
16	187
17	187
19	187
21	187
22	187
23	187
24	187
25	187
26	187
28	187
29	187
30	187
31	187
32	187
33	187
40	187
43	187
46	187
52	187
55	187
57	187
59	187
63	187
64	187
65	187
66	187
68	187
71	187
74	187
75	187
76	187
77	187
79	187
81	187
85	187
89	187
91	187
93	187
95	187
96	187
97	187
100	187
103	187
108	187
110	187
111	187
113	187
114	187
117	187
118	187
119	187
124	187
129	187
130	187
134	187
136	187
138	187
139	187
140	187
142	187
144	187
145	187
147	187
148	187
149	187
150	187
151	187
152	187
153	187
157	187
159	187
164	187
166	187
167	187
169	187
170	187
174	187
175	187
178	187
179	187
181	187
182	187
184	187
185	187
186	187
2	188
3	188
4	188
5	188
6	188
7	188
8	188
11	188
12	188
13	188
15	188
16	188
20	188
21	188
22	188
23	188
27	188
29	188
32	188
33	188
36	188
38	188
41	188
45	188
48	188
50	188
51	188
52	188
53	188
54	188
55	188
57	188
59	188
61	188
64	188
65	188
68	188
71	188
72	188
75	188
76	188
77	188
78	188
88	188
90	188
91	188
93	188
94	188
95	188
96	188
100	188
101	188
102	188
104	188
105	188
106	188
109	188
110	188
111	188
112	188
114	188
115	188
118	188
119	188
121	188
123	188
125	188
130	188
131	188
133	188
135	188
137	188
138	188
139	188
143	188
149	188
153	188
154	188
156	188
157	188
158	188
159	188
165	188
167	188
168	188
169	188
171	188
172	188
173	188
175	188
181	188
183	188
186	188
187	188
7	189
9	189
10	189
11	189
14	189
18	189
19	189
20	189
24	189
25	189
27	189
29	189
31	189
33	189
34	189
35	189
38	189
40	189
42	189
44	189
46	189
48	189
52	189
53	189
54	189
55	189
57	189
59	189
60	189
63	189
64	189
66	189
67	189
68	189
73	189
76	189
77	189
78	189
79	189
80	189
82	189
84	189
87	189
90	189
91	189
92	189
93	189
94	189
97	189
99	189
100	189
103	189
104	189
106	189
108	189
109	189
110	189
113	189
114	189
115	189
117	189
118	189
120	189
121	189
125	189
126	189
132	189
133	189
134	189
135	189
138	189
142	189
143	189
144	189
146	189
148	189
150	189
151	189
153	189
155	189
157	189
158	189
164	189
165	189
166	189
167	189
169	189
171	189
172	189
173	189
174	189
176	189
177	189
178	189
179	189
182	189
188	189
5	190
7	190
10	190
12	190
13	190
19	190
20	190
22	190
24	190
26	190
27	190
28	190
30	190
31	190
33	190
34	190
37	190
38	190
39	190
41	190
44	190
45	190
47	190
48	190
49	190
51	190
53	190
54	190
57	190
59	190
65	190
66	190
67	190
69	190
71	190
72	190
73	190
74	190
79	190
80	190
84	190
85	190
87	190
91	190
92	190
93	190
95	190
96	190
99	190
101	190
103	190
105	190
106	190
108	190
110	190
111	190
115	190
117	190
120	190
121	190
122	190
123	190
124	190
125	190
126	190
127	190
129	190
138	190
142	190
144	190
145	190
146	190
149	190
152	190
154	190
155	190
157	190
158	190
159	190
162	190
163	190
164	190
165	190
167	190
168	190
169	190
170	190
182	190
183	190
185	190
188	190
189	190
1	191
3	191
4	191
6	191
7	191
12	191
13	191
15	191
17	191
19	191
20	191
24	191
26	191
29	191
31	191
32	191
33	191
34	191
35	191
36	191
37	191
39	191
40	191
46	191
49	191
51	191
53	191
54	191
58	191
61	191
62	191
63	191
64	191
67	191
69	191
73	191
74	191
78	191
81	191
83	191
92	191
97	191
98	191
99	191
105	191
107	191
108	191
109	191
114	191
117	191
118	191
119	191
121	191
122	191
125	191
127	191
128	191
129	191
130	191
132	191
134	191
137	191
143	191
144	191
146	191
148	191
151	191
153	191
158	191
160	191
161	191
164	191
165	191
166	191
169	191
172	191
176	191
177	191
179	191
180	191
181	191
182	191
183	191
184	191
185	191
186	191
187	191
188	191
1	192
3	192
5	192
6	192
10	192
15	192
16	192
17	192
19	192
20	192
22	192
23	192
28	192
29	192
30	192
31	192
36	192
37	192
40	192
41	192
44	192
45	192
46	192
47	192
50	192
51	192
52	192
54	192
56	192
57	192
59	192
60	192
61	192
62	192
63	192
65	192
68	192
70	192
71	192
74	192
75	192
76	192
78	192
79	192
80	192
81	192
82	192
86	192
87	192
89	192
91	192
92	192
95	192
97	192
98	192
100	192
101	192
103	192
104	192
105	192
106	192
108	192
110	192
113	192
114	192
115	192
119	192
121	192
122	192
123	192
124	192
125	192
126	192
127	192
128	192
130	192
131	192
137	192
138	192
140	192
142	192
144	192
153	192
154	192
156	192
157	192
158	192
161	192
164	192
166	192
167	192
169	192
170	192
171	192
172	192
173	192
174	192
177	192
181	192
185	192
186	192
188	192
189	192
191	192
1	193
3	193
8	193
17	193
19	193
20	193
22	193
23	193
24	193
25	193
27	193
30	193
32	193
33	193
36	193
40	193
41	193
42	193
46	193
47	193
49	193
52	193
53	193
55	193
56	193
57	193
60	193
63	193
64	193
65	193
67	193
68	193
69	193
70	193
73	193
75	193
76	193
77	193
78	193
79	193
83	193
84	193
86	193
90	193
91	193
92	193
93	193
94	193
96	193
102	193
104	193
105	193
107	193
110	193
113	193
115	193
116	193
124	193
126	193
129	193
132	193
134	193
135	193
137	193
138	193
139	193
140	193
143	193
147	193
151	193
152	193
153	193
154	193
156	193
157	193
159	193
160	193
162	193
165	193
167	193
168	193
170	193
171	193
173	193
174	193
175	193
177	193
181	193
182	193
183	193
184	193
185	193
189	193
192	193
2	194
4	194
6	194
8	194
10	194
18	194
19	194
21	194
23	194
25	194
26	194
31	194
34	194
36	194
37	194
38	194
41	194
42	194
46	194
47	194
48	194
49	194
50	194
51	194
53	194
54	194
55	194
56	194
58	194
59	194
61	194
62	194
64	194
65	194
66	194
69	194
72	194
78	194
79	194
80	194
83	194
84	194
88	194
90	194
91	194
92	194
93	194
97	194
98	194
99	194
100	194
105	194
106	194
107	194
109	194
110	194
111	194
112	194
114	194
115	194
120	194
122	194
123	194
125	194
128	194
131	194
132	194
133	194
134	194
135	194
138	194
139	194
140	194
141	194
143	194
144	194
145	194
147	194
149	194
151	194
152	194
154	194
159	194
162	194
165	194
166	194
167	194
169	194
171	194
176	194
179	194
184	194
186	194
188	194
189	194
190	194
191	194
1	195
4	195
7	195
8	195
10	195
12	195
14	195
18	195
20	195
21	195
22	195
23	195
24	195
27	195
31	195
32	195
36	195
37	195
38	195
41	195
44	195
46	195
49	195
51	195
54	195
57	195
58	195
61	195
64	195
65	195
66	195
67	195
68	195
69	195
72	195
74	195
75	195
76	195
77	195
78	195
79	195
85	195
87	195
88	195
90	195
91	195
93	195
94	195
95	195
98	195
100	195
102	195
103	195
105	195
107	195
109	195
110	195
112	195
116	195
117	195
118	195
122	195
123	195
124	195
125	195
126	195
129	195
130	195
131	195
132	195
137	195
140	195
141	195
142	195
143	195
146	195
148	195
149	195
150	195
151	195
152	195
154	195
155	195
156	195
158	195
159	195
160	195
162	195
163	195
169	195
173	195
176	195
180	195
181	195
182	195
186	195
188	195
189	195
190	195
192	195
1	196
5	196
8	196
9	196
10	196
12	196
13	196
14	196
16	196
17	196
18	196
19	196
20	196
21	196
23	196
26	196
30	196
33	196
38	196
42	196
43	196
56	196
58	196
60	196
61	196
64	196
65	196
66	196
68	196
69	196
70	196
71	196
73	196
74	196
78	196
79	196
81	196
86	196
87	196
88	196
89	196
91	196
93	196
94	196
95	196
96	196
99	196
100	196
101	196
102	196
104	196
105	196
107	196
108	196
114	196
115	196
117	196
118	196
119	196
121	196
122	196
123	196
125	196
126	196
127	196
129	196
130	196
131	196
136	196
139	196
145	196
146	196
147	196
153	196
156	196
158	196
160	196
163	196
169	196
176	196
178	196
179	196
180	196
184	196
187	196
188	196
191	196
192	196
194	196
195	196
1	197
2	197
11	197
15	197
16	197
19	197
20	197
27	197
28	197
29	197
31	197
35	197
39	197
40	197
44	197
45	197
47	197
49	197
53	197
54	197
55	197
56	197
57	197
58	197
59	197
61	197
63	197
67	197
68	197
71	197
72	197
73	197
74	197
75	197
76	197
77	197
78	197
80	197
83	197
84	197
85	197
88	197
92	197
93	197
94	197
96	197
101	197
102	197
103	197
105	197
106	197
107	197
111	197
114	197
115	197
118	197
119	197
120	197
121	197
122	197
123	197
124	197
125	197
126	197
127	197
129	197
130	197
131	197
133	197
134	197
136	197
137	197
138	197
143	197
147	197
150	197
152	197
154	197
155	197
156	197
159	197
160	197
165	197
167	197
168	197
170	197
172	197
174	197
175	197
176	197
177	197
178	197
180	197
183	197
187	197
191	197
192	197
193	197
194	197
3	198
5	198
6	198
9	198
11	198
12	198
14	198
15	198
16	198
20	198
22	198
24	198
25	198
26	198
27	198
28	198
29	198
30	198
31	198
33	198
34	198
35	198
37	198
38	198
40	198
41	198
42	198
44	198
47	198
48	198
51	198
52	198
53	198
58	198
59	198
60	198
61	198
64	198
65	198
68	198
70	198
71	198
76	198
80	198
81	198
82	198
85	198
86	198
88	198
89	198
92	198
96	198
97	198
98	198
102	198
103	198
105	198
109	198
111	198
112	198
116	198
117	198
120	198
122	198
126	198
129	198
130	198
134	198
139	198
140	198
142	198
143	198
144	198
146	198
148	198
150	198
151	198
152	198
153	198
155	198
158	198
159	198
160	198
161	198
163	198
164	198
168	198
171	198
175	198
176	198
181	198
184	198
186	198
192	198
193	198
195	198
197	198
1	199
4	199
5	199
10	199
11	199
12	199
16	199
17	199
18	199
20	199
23	199
24	199
25	199
27	199
33	199
40	199
41	199
42	199
43	199
44	199
50	199
52	199
54	199
56	199
57	199
59	199
61	199
62	199
66	199
67	199
68	199
69	199
72	199
77	199
78	199
81	199
82	199
84	199
85	199
87	199
88	199
90	199
92	199
95	199
97	199
100	199
101	199
102	199
109	199
111	199
112	199
115	199
116	199
121	199
122	199
123	199
125	199
130	199
131	199
132	199
136	199
137	199
140	199
144	199
145	199
146	199
147	199
150	199
154	199
155	199
156	199
157	199
158	199
161	199
167	199
168	199
171	199
172	199
178	199
179	199
180	199
181	199
184	199
186	199
187	199
188	199
189	199
191	199
194	199
198	199
2	200
4	200
7	200
8	200
10	200
11	200
12	200
14	200
18	200
19	200
20	200
22	200
23	200
24	200
25	200
29	200
35	200
36	200
37	200
38	200
44	200
46	200
49	200
53	200
54	200
59	200
61	200
64	200
69	200
73	200
75	200
77	200
81	200
84	200
85	200
87	200
88	200
89	200
90	200
91	200
94	200
97	200
99	200
100	200
102	200
103	200
104	200
106	200
108	200
109	200
110	200
112	200
113	200
114	200
117	200
121	200
122	200
128	200
131	200
132	200
134	200
135	200
138	200
139	200
142	200
143	200
144	200
146	200
147	200
150	200
151	200
152	200
154	200
155	200
156	200
157	200
158	200
159	200
161	200
162	200
163	200
164	200
165	200
167	200
171	200
172	200
173	200
174	200
175	200
179	200
180	200
181	200
182	200
186	200
187	200
190	200
192	200
193	200
195	200
196	200
198	200
199	200
