1	2
2	3
1	5
3	5
4	5
2	6
4	6
5	6
1	7
3	7
6	7
2	8
4	8
5	8
6	8
2	9
3	9
5	9
6	9
7	9
2	10
6	10
9	10
1	11
2	11
6	11
8	11
2	12
4	12
8	12
11	12
1	13
3	13
5	13
7	13
9	13
10	13
1	14
2	14
3	14
5	14
7	14
8	14
11	14
12	14
1	15
5	15
8	15
9	15
11	15
14	15
7	16
9	16
11	16
12	16
13	16
2	17
4	17
6	17
8	17
11	17
14	17
1	18
3	18
4	18
6	18
8	18
11	18
12	18
13	18
14	18
15	18
16	18
3	19
5	19
6	19
7	19
9	19
10	19
11	19
13	19
17	19
2	20
5	20
6	20
11	20
13	20
14	20
15	20
16	20
17	20
18	20
1	21
2	21
3	21
4	21
5	21
6	21
7	21
8	21
11	21
12	21
13	21
17	21
18	21
2	22
3	22
4	22
5	22
6	22
9	22
10	22
11	22
12	22
16	22
18	22
19	22
21	22
1	23
5	23
6	23
7	23
8	23
13	23
14	23
15	23
20	23
21	23
22	23
2	24
4	24
6	24
7	24
12	24
14	24
17	24
19	24
21	24
22	24
1	25
3	25
4	25
8	25
13	25
16	25
17	25
18	25
20	25
21	25
23	25
1	26
2	26
5	26
7	26
8	26
10	26
13	26
17	26
18	26
19	26
20	26
21	26
23	26
24	26
2	27
3	27
6	27
12	27
13	27
14	27
15	27
17	27
18	27
19	27
22	27
24	27
26	27
1	28
3	28
7	28
8	28
12	28
16	28
17	28
20	28
21	28
22	28
24	28
27	28
1	29
4	29
5	29
8	29
12	29
14	29
15	29
16	29
17	29
18	29
24	29
27	29
1	30
2	30
4	30
5	30
7	30
8	30
9	30
10	30
11	30
15	30
16	30
18	30
21	30
22	30
24	30
26	30
27	30
1	31
2	31
3	31
4	31
6	31
7	31
8	31
9	31
10	31
14	31
15	31
17	31
19	31
23	31
28	31
29	31
1	32
3	32
4	32
5	32
6	32
7	32
8	32
9	32
11	32
14	32
16	32
17	32
25	32
26	32
30	32
31	32
1	33
2	33
3	33
4	33
5	33
6	33
7	33
11	33
13	33
16	33
17	33
20	33
21	33
23	33
24	33
25	33
29	33
31	33
32	33
1	34
3	34
4	34
7	34
8	34
11	34
12	34
15	34
16	34
21	34
23	34
24	34
26	34
30	34
31	34
3	35
5	35
6	35
7	35
10	35
11	35
18	35
19	35
20	35
23	35
26	35
27	35
32	35
33	35
34	35
2	36
3	36
5	36
7	36
8	36
9	36
11	36
13	36
14	36
19	36
20	36
21	36
22	36
23	36
24	36
25	36
26	36
27	36
28	36
31	36
35	36
2	37
5	37
6	37
8	37
9	37
10	37
15	37
22	37
24	37
25	37
26	37
28	37
29	37
30	37
31	37
35	37
5	38
6	38
8	38
11	38
12	38
13	38
16	38
17	38
19	38
20	38
21	38
23	38
25	38
26	38
34	38
37	38
2	39
3	39
5	39
6	39
8	39
11	39
12	39
13	39
14	39
18	39
24	39
25	39
27	39
28	39
29	39
30	39
35	39
1	40
2	40
3	40
6	40
7	40
8	40
11	40
13	40
14	40
16	40
18	40
19	40
20	40
22	40
29	40
30	40
32	40
34	40
37	40
38	40
39	40
1	41
3	41
4	41
6	41
8	41
10	41
12	41
15	41
18	41
19	41
20	41
22	41
23	41
24	41
25	41
27	41
29	41
31	41
33	41
34	41
35	41
38	41
1	42
10	42
11	42
12	42
13	42
16	42
18	42
19	42
20	42
21	42
22	42
24	42
29	42
32	42
33	42
36	42
37	42
39	42
41	42
1	43
2	43
6	43
7	43
8	43
9	43
10	43
11	43
12	43
13	43
14	43
15	43
18	43
19	43
23	43
24	43
25	43
32	43
35	43
37	43
38	43
40	43
41	43
2	44
4	44
6	44
7	44
8	44
9	44
10	44
11	44
12	44
13	44
17	44
18	44
19	44
22	44
23	44
26	44
29	44
30	44
31	44
34	44
35	44
37	44
40	44
41	44
43	44
1	45
3	45
6	45
7	45
10	45
13	45
17	45
18	45
19	45
20	45
21	45
27	45
28	45
30	45
31	45
32	45
33	45
34	45
36	45
37	45
38	45
39	45
41	45
42	45
1	46
2	46
3	46
7	46
10	46
11	46
12	46
13	46
15	46
17	46
18	46
19	46
20	46
23	46
24	46
27	46
28	46
29	46
31	46
35	46
38	46
40	46
41	46
42	46
43	46
5	47
6	47
9	47
10	47
14	47
18	47
19	47
21	47
24	47
25	47
32	47
35	47
36	47
39	47
40	47
46	47
2	48
3	48
4	48
6	48
7	48
9	48
11	48
12	48
13	48
15	48
16	48
17	48
19	48
21	48
22	48
24	48
26	48
27	48
30	48
31	48
34	48
35	48
40	48
41	48
42	48
43	48
44	48
45	48
3	49
4	49
5	49
7	49
10	49
12	49
15	49
16	49
21	49
22	49
23	49
25	49
32	49
33	49
34	49
35	49
37	49
38	49
39	49
40	49
7	50
8	50
9	50
12	50
15	50
22	50
23	50
24	50
25	50
29	50
32	50
33	50
34	50
35	50
38	50
39	50
41	50
42	50
44	50
45	50
46	50
48	50
49	50
3	51
4	51
5	51
6	51
7	51
8	51
9	51
10	51
11	51
12	51
14	51
17	51
19	51
22	51
23	51
25	51
26	51
27	51
28	51
29	51
30	51
33	51
34	51
36	51
39	51
41	51
42	51
44	51
45	51
46	51
48	51
49	51
1	52
2	52
4	52
9	52
10	52
12	52
13	52
15	52
16	52
19	52
26	52
28	52
29	52
30	52
31	52
32	52
33	52
34	52
37	52
41	52
44	52
45	52
46	52
47	52
48	52
49	52
51	52
2	53
3	53
4	53
5	53
8	53
12	53
14	53
15	53
16	53
19	53
20	53
21	53
22	53
25	53
28	53
32	53
38	53
39	53
41	53
42	53
43	53
44	53
46	53
47	53
48	53
51	53
3	54
4	54
7	54
8	54
9	54
13	54
15	54
18	54
19	54
22	54
23	54
24	54
26	54
33	54
36	54
37	54
40	54
41	54
44	54
46	54
47	54
49	54
50	54
53	54
1	55
6	55
7	55
8	55
15	55
16	55
19	55
24	55
26	55
27	55
28	55
29	55
30	55
34	55
35	55
37	55
40	55
42	55
43	55
45	55
50	55
51	55
1	56
2	56
3	56
6	56
7	56
10	56
13	56
14	56
15	56
16	56
17	56
21	56
26	56
28	56
29	56
30	56
31	56
32	56
33	56
34	56
38	56
40	56
41	56
48	56
50	56
52	56
54	56
55	56
2	57
4	57
6	57
7	57
8	57
9	57
10	57
11	57
12	57
14	57
15	57
17	57
19	57
20	57
22	57
23	57
24	57
27	57
30	57
32	57
33	57
36	57
38	57
39	57
41	57
45	57
46	57
48	57
49	57
51	57
55	57
56	57
1	58
3	58
5	58
6	58
9	58
10	58
11	58
12	58
14	58
15	58
16	58
18	58
22	58
23	58
24	58
25	58
26	58
28	58
30	58
32	58
33	58
36	58
37	58
38	58
39	58
40	58
41	58
42	58
43	58
44	58
45	58
49	58
51	58
52	58
53	58
54	58
56	58
1	59
2	59
3	59
5	59
7	59
8	59
9	59
12	59
13	59
15	59
17	59
22	59
26	59
27	59
28	59
29	59
34	59
35	59
38	59
44	59
47	59
48	59
50	59
51	59
52	59
53	59
55	59
56	59
58	59
1	60
5	60
7	60
8	60
11	60
15	60
16	60
17	60
19	60
20	60
23	60
25	60
26	60
29	60
31	60
33	60
34	60
37	60
38	60
39	60
42	60
43	60
45	60
46	60
47	60
48	60
52	60
53	60
54	60
56	60
57	60
59	60
2	61
4	61
6	61
7	61
8	61
12	61
16	61
19	61
21	61
22	61
31	61
33	61
34	61
35	61
38	61
39	61
40	61
41	61
42	61
43	61
44	61
47	61
48	61
52	61
53	61
54	61
57	61
58	61
5	62
6	62
11	62
12	62
14	62
15	62
17	62
19	62
20	62
25	62
26	62
27	62
28	62
29	62
33	62
34	62
37	62
41	62
44	62
45	62
47	62
48	62
51	62
52	62
53	62
57	62
58	62
59	62
60	62
61	62
1	63
6	63
7	63
9	63
13	63
16	63
21	63
23	63
26	63
27	63
28	63
29	63
34	63
37	63
41	63
44	63
52	63
54	63
56	63
57	63
58	63
2	64
5	64
6	64
10	64
15	64
16	64
17	64
18	64
21	64
22	64
23	64
24	64
25	64
26	64
31	64
32	64
33	64
34	64
36	64
37	64
40	64
41	64
42	64
48	64
50	64
51	64
52	64
53	64
54	64
55	64
56	64
57	64
61	64
62	64
63	64
1	65
3	65
6	65
8	65
9	65
10	65
11	65
12	65
13	65
18	65
19	65
21	65
26	65
28	65
29	65
31	65
39	65
40	65
41	65
43	65
47	65
49	65
51	65
53	65
54	65
55	65
56	65
57	65
58	65
59	65
61	65
62	65
64	65
1	66
5	66
6	66
8	66
9	66
10	66
11	66
12	66
15	66
17	66
19	66
20	66
23	66
24	66
25	66
26	66
32	66
37	66
38	66
40	66
42	66
43	66
48	66
51	66
54	66
55	66
57	66
59	66
60	66
61	66
63	66
1	67
5	67
9	67
12	67
13	67
14	67
15	67
16	67
18	67
23	67
24	67
26	67
27	67
32	67
34	67
39	67
41	67
46	67
47	67
49	67
52	67
55	67
57	67
59	67
63	67
2	68
4	68
5	68
7	68
8	68
10	68
11	68
12	68
19	68
21	68
23	68
24	68
25	68
27	68
30	68
31	68
32	68
34	68
35	68
36	68
37	68
40	68
49	68
50	68
54	68
56	68
59	68
62	68
63	68
64	68
65	68
66	68
67	68
3	69
6	69
7	69
9	69
11	69
15	69
17	69
19	69
22	69
23	69
24	69
28	69
30	69
33	69
34	69
40	69
42	69
44	69
56	69
57	69
58	69
60	69
61	69
62	69
63	69
64	69
65	69
66	69
68	69
3	70
4	70
6	70
7	70
9	70
13	70
14	70
16	70
17	70
19	70
20	70
22	70
24	70
25	70
29	70
30	70
32	70
34	70
38	70
39	70
41	70
42	70
44	70
45	70
51	70
53	70
54	70
55	70
57	70
59	70
61	70
62	70
67	70
68	70
1	71
2	71
4	71
6	71
7	71
9	71
11	71
13	71
15	71
16	71
17	71
18	71
19	71
21	71
22	71
23	71
24	71
25	71
31	71
32	71
33	71
35	71
36	71
39	71
40	71
44	71
46	71
48	71
51	71
53	71
57	71
58	71
65	71
66	71
68	71
1	72
2	72
3	72
4	72
6	72
7	72
10	72
11	72
12	72
13	72
14	72
17	72
18	72
19	72
21	72
27	72
28	72
29	72
30	72
32	72
36	72
37	72
38	72
40	72
41	72
42	72
43	72
45	72
46	72
47	72
48	72
51	72
57	72
60	72
61	72
62	72
63	72
64	72
67	72
71	72
1	73
2	73
5	73
6	73
7	73
10	73
12	73
13	73
15	73
16	73
18	73
19	73
23	73
24	73
26	73
28	73
30	73
34	73
37	73
39	73
40	73
42	73
43	73
45	73
47	73
49	73
50	73
51	73
52	73
55	73
57	73
61	73
62	73
63	73
65	73
66	73
68	73
71	73
4	74
7	74
9	74
11	74
12	74
13	74
16	74
18	74
20	74
23	74
24	74
29	74
32	74
33	74
37	74
39	74
41	74
42	74
43	74
44	74
47	74
50	74
51	74
55	74
59	74
60	74
62	74
63	74
65	74
66	74
68	74
73	74
1	75
2	75
3	75
8	75
13	75
15	75
16	75
19	75
22	75
23	75
26	75
27	75
29	75
31	75
32	75
33	75
34	75
35	75
36	75
37	75
40	75
41	75
46	75
47	75
48	75
50	75
51	75
52	75
53	75
54	75
56	75
58	75
60	75
61	75
62	75
63	75
64	75
65	75
66	75
68	75
69	75
71	75
72	75
1	76
2	76
3	76
4	76
5	76
10	76
14	76
18	76
21	76
23	76
24	76
26	76
27	76
28	76
30	76
33	76
35	76
38	76
39	76
40	76
42	76
47	76
48	76
49	76
50	76
52	76
57	76
62	76
64	76
65	76
66	76
67	76
68	76
69	76
70	76
72	76
73	76
75	76
1	77
2	77
3	77
7	77
9	77
10	77
11	77
19	77
21	77
25	77
26	77
29	77
30	77
31	77
33	77
35	77
36	77
37	77
42	77
43	77
44	77
45	77
47	77
48	77
49	77
50	77
51	77
52	77
53	77
54	77
56	77
57	77
60	77
63	77
65	77
69	77
70	77
73	77
75	77
76	77
1	78
3	78
6	78
7	78
9	78
12	78
15	78
16	78
22	78
23	78
27	78
29	78
30	78
32	78
33	78
35	78
38	78
43	78
45	78
51	78
52	78
53	78
54	78
56	78
58	78
59	78
60	78
61	78
62	78
64	78
65	78
66	78
67	78
69	78
71	78
73	78
76	78
77	78
1	79
2	79
7	79
8	79
9	79
13	79
20	79
21	79
22	79
23	79
24	79
27	79
28	79
32	79
33	79
34	79
35	79
36	79
37	79
38	79
41	79
44	79
47	79
51	79
54	79
56	79
57	79
60	79
61	79
64	79
69	79
71	79
72	79
75	79
76	79
78	79
2	80
5	80
6	80
7	80
8	80
10	80
11	80
12	80
13	80
14	80
16	80
17	80
18	80
20	80
25	80
26	80
28	80
32	80
33	80
34	80
36	80
39	80
41	80
42	80
43	80
46	80
47	80
48	80
50	80
51	80
53	80
57	80
58	80
59	80
61	80
62	80
63	80
64	80
65	80
66	80
67	80
68	80
69	80
70	80
72	80
74	80
75	80
77	80
1	81
2	81
3	81
9	81
11	81
13	81
15	81
16	81
19	81
20	81
21	81
22	81
23	81
24	81
25	81
26	81
27	81
29	81
32	81
33	81
34	81
35	81
36	81
37	81
38	81
39	81
40	81
41	81
42	81
43	81
49	81
53	81
54	81
55	81
56	81
57	81
59	81
60	81
65	81
67	81
70	81
71	81
72	81
74	81
76	81
77	81
79	81
2	82
3	82
5	82
6	82
7	82
10	82
12	82
13	82
15	82
20	82
23	82
25	82
31	82
32	82
33	82
34	82
35	82
37	82
44	82
46	82
47	82
49	82
50	82
52	82
54	82
58	82
60	82
63	82
64	82
65	82
67	82
68	82
70	82
71	82
72	82
73	82
75	82
78	82
79	82
1	83
2	83
3	83
5	83
9	83
11	83
12	83
13	83
18	83
19	83
20	83
23	83
28	83
29	83
31	83
35	83
37	83
44	83
49	83
50	83
52	83
53	83
56	83
60	83
61	83
62	83
63	83
64	83
65	83
67	83
68	83
70	83
72	83
73	83
75	83
76	83
78	83
79	83
82	83
2	84
6	84
7	84
8	84
14	84
15	84
16	84
17	84
19	84
25	84
26	84
27	84
30	84
31	84
36	84
37	84
38	84
40	84
41	84
43	84
44	84
45	84
49	84
50	84
52	84
53	84
54	84
55	84
57	84
59	84
63	84
66	84
67	84
70	84
73	84
75	84
77	84
78	84
79	84
82	84
2	85
5	85
7	85
9	85
12	85
13	85
16	85
21	85
23	85
26	85
30	85
31	85
32	85
33	85
41	85
43	85
45	85
47	85
50	85
51	85
52	85
53	85
55	85
56	85
60	85
62	85
63	85
64	85
68	85
70	85
73	85
74	85
75	85
76	85
78	85
79	85
80	85
82	85
3	86
6	86
7	86
11	86
12	86
13	86
14	86
16	86
17	86
18	86
20	86
21	86
24	86
28	86
30	86
33	86
35	86
43	86
44	86
45	86
46	86
52	86
57	86
62	86
66	86
67	86
71	86
72	86
75	86
76	86
77	86
79	86
80	86
81	86
82	86
83	86
1	87
3	87
4	87
5	87
6	87
7	87
8	87
12	87
13	87
16	87
17	87
20	87
21	87
24	87
25	87
28	87
29	87
30	87
31	87
32	87
34	87
35	87
37	87
38	87
40	87
41	87
45	87
48	87
49	87
50	87
52	87
56	87
57	87
58	87
61	87
62	87
63	87
64	87
69	87
70	87
73	87
74	87
77	87
78	87
79	87
85	87
2	88
4	88
5	88
7	88
10	88
11	88
14	88
15	88
18	88
20	88
22	88
24	88
25	88
27	88
29	88
35	88
36	88
37	88
38	88
41	88
42	88
44	88
51	88
52	88
54	88
55	88
56	88
57	88
58	88
61	88
65	88
66	88
69	88
70	88
71	88
72	88
75	88
76	88
77	88
78	88
79	88
81	88
82	88
86	88
4	89
14	89
16	89
17	89
19	89
22	89
23	89
28	89
30	89
31	89
36	89
39	89
40	89
41	89
42	89
44	89
45	89
46	89
47	89
48	89
49	89
51	89
52	89
54	89
56	89
60	89
62	89
65	89
66	89
67	89
70	89
71	89
72	89
76	89
80	89
83	89
84	89
85	89
1	90
3	90
6	90
8	90
9	90
10	90
19	90
20	90
23	90
25	90
27	90
28	90
29	90
30	90
32	90
35	90
37	90
41	90
45	90
46	90
47	90
48	90
54	90
56	90
58	90
59	90
61	90
62	90
63	90
66	90
67	90
69	90
71	90
75	90
77	90
80	90
81	90
84	90
85	90
86	90
87	90
88	90
89	90
2	91
3	91
5	91
6	91
8	91
10	91
11	91
12	91
14	91
16	91
17	91
23	91
24	91
25	91
26	91
27	91
31	91
33	91
37	91
38	91
39	91
40	91
41	91
42	91
45	91
46	91
47	91
48	91
50	91
55	91
56	91
58	91
60	91
62	91
63	91
65	91
67	91
68	91
70	91
71	91
73	91
74	91
78	91
79	91
82	91
84	91
86	91
87	91
88	91
89	91
90	91
3	92
6	92
8	92
10	92
11	92
13	92
17	92
21	92
22	92
26	92
32	92
33	92
34	92
35	92
38	92
47	92
48	92
49	92
50	92
52	92
53	92
57	92
61	92
62	92
64	92
65	92
66	92
67	92
68	92
69	92
70	92
72	92
74	92
75	92
77	92
83	92
84	92
86	92
88	92
89	92
90	92
91	92
1	93
2	93
3	93
4	93
5	93
6	93
7	93
8	93
9	93
10	93
15	93
16	93
17	93
20	93
22	93
27	93
28	93
30	93
36	93
37	93
40	93
43	93
44	93
46	93
47	93
48	93
50	93
52	93
53	93
54	93
55	93
56	93
63	93
67	93
68	93
70	93
71	93
72	93
73	93
78	93
81	93
82	93
85	93
86	93
88	93
89	93
92	93
3	94
5	94
7	94
10	94
11	94
12	94
14	94
15	94
16	94
20	94
22	94
25	94
26	94
28	94
29	94
31	94
34	94
35	94
36	94
38	94
41	94
42	94
44	94
45	94
46	94
47	94
52	94
59	94
61	94
64	94
65	94
66	94
67	94
68	94
70	94
71	94
72	94
73	94
74	94
76	94
77	94
78	94
80	94
81	94
82	94
83	94
85	94
87	94
88	94
92	94
93	94
6	95
7	95
8	95
10	95
11	95
12	95
14	95
17	95
19	95
21	95
27	95
29	95
30	95
33	95
34	95
35	95
36	95
39	95
41	95
44	95
48	95
51	95
52	95
53	95
54	95
56	95
57	95
58	95
60	95
63	95
64	95
72	95
73	95
74	95
77	95
79	95
82	95
83	95
85	95
89	95
92	95
94	95
1	96
2	96
7	96
9	96
14	96
17	96
18	96
20	96
23	96
28	96
30	96
31	96
32	96
33	96
35	96
41	96
42	96
43	96
46	96
47	96
52	96
53	96
54	96
57	96
58	96
63	96
64	96
67	96
69	96
71	96
73	96
76	96
77	96
78	96
81	96
86	96
88	96
89	96
92	96
4	97
5	97
9	97
11	97
19	97
20	97
21	97
22	97
23	97
24	97
31	97
35	97
38	97
39	97
41	97
44	97
45	97
47	97
49	97
50	97
53	97
55	97
57	97
58	97
59	97
60	97
61	97
62	97
63	97
65	97
66	97
67	97
69	97
71	97
72	97
75	97
77	97
85	97
87	97
88	97
89	97
90	97
91	97
92	97
93	97
94	97
96	97
1	98
2	98
3	98
4	98
5	98
7	98
9	98
10	98
13	98
17	98
19	98
22	98
24	98
26	98
27	98
28	98
29	98
30	98
31	98
34	98
36	98
38	98
41	98
46	98
47	98
48	98
52	98
55	98
56	98
57	98
58	98
59	98
60	98
61	98
65	98
67	98
68	98
70	98
72	98
73	98
75	98
76	98
79	98
81	98
82	98
83	98
85	98
86	98
87	98
90	98
91	98
92	98
93	98
96	98
97	98
2	99
3	99
7	99
10	99
11	99
15	99
16	99
17	99
18	99
20	99
21	99
27	99
31	99
32	99
33	99
35	99
37	99
40	99
41	99
42	99
44	99
46	99
51	99
52	99
54	99
56	99
57	99
58	99
63	99
69	99
70	99
71	99
72	99
76	99
77	99
83	99
85	99
89	99
91	99
92	99
96	99
97	99
2	100
6	100
7	100
9	100
10	100
13	100
15	100
22	100
24	100
25	100
26	100
28	100
29	100
31	100
34	100
36	100
37	100
39	100
41	100
42	100
43	100
45	100
46	100
47	100
48	100
49	100
50	100
53	100
55	100
57	100
61	100
62	100
67	100
69	100
72	100
73	100
74	100
76	100
77	100
78	100
80	100
86	100
88	100
93	100
94	100
95	100
1	101
2	101
4	101
6	101
7	101
9	101
10	101
13	101
17	101
18	101
19	101
20	101
21	101
22	101
25	101
30	101
31	101
32	101
33	101
34	101
35	101
38	101
39	101
41	101
44	101
46	101
48	101
49	101
53	101
56	101
57	101
60	101
61	101
62	101
63	101
66	101
67	101
68	101
69	101
71	101
72	101
73	101
74	101
75	101
76	101
79	101
80	101
88	101
89	101
90	101
91	101
92	101
93	101
95	101
96	101
1	102
4	102
5	102
6	102
10	102
11	102
14	102
23	102
27	102
28	102
30	102
31	102
33	102
34	102
36	102
38	102
40	102
42	102
44	102
45	102
47	102
49	102
50	102
51	102
52	102
56	102
57	102
58	102
63	102
66	102
69	102
71	102
73	102
76	102
77	102
78	102
79	102
81	102
82	102
87	102
89	102
92	102
93	102
95	102
96	102
98	102
99	102
100	102
3	103
4	103
6	103
7	103
8	103
9	103
10	103
12	103
16	103
17	103
19	103
21	103
25	103
30	103
32	103
33	103
35	103
36	103
37	103
38	103
39	103
41	103
42	103
44	103
46	103
47	103
48	103
49	103
51	103
52	103
53	103
54	103
56	103
60	103
61	103
62	103
67	103
68	103
69	103
71	103
72	103
73	103
76	103
78	103
80	103
81	103
86	103
87	103
88	103
91	103
93	103
94	103
95	103
96	103
98	103
99	103
100	103
102	103
1	104
2	104
4	104
5	104
7	104
8	104
10	104
13	104
15	104
18	104
20	104
21	104
22	104
27	104
28	104
29	104
32	104
34	104
35	104
37	104
44	104
45	104
48	104
49	104
50	104
51	104
53	104
55	104
56	104
57	104
58	104
59	104
62	104
63	104
64	104
68	104
69	104
70	104
71	104
72	104
73	104
74	104
77	104
79	104
84	104
85	104
88	104
90	104
92	104
93	104
94	104
95	104
98	104
1	105
3	105
5	105
6	105
9	105
13	105
14	105
15	105
17	105
20	105
24	105
26	105
27	105
30	105
32	105
33	105
34	105
36	105
37	105
39	105
44	105
45	105
46	105
47	105
48	105
49	105
53	105
57	105
58	105
64	105
69	105
72	105
73	105
75	105
78	105
80	105
89	105
91	105
94	105
97	105
102	105
103	105
104	105
1	106
2	106
3	106
4	106
5	106
6	106
8	106
9	106
10	106
15	106
23	106
29	106
31	106
33	106
34	106
36	106
39	106
40	106
41	106
44	106
46	106
48	106
51	106
54	106
55	106
57	106
58	106
64	106
65	106
69	106
70	106
71	106
72	106
75	106
76	106
78	106
80	106
87	106
88	106
91	106
93	106
95	106
97	106
98	106
99	106
100	106
101	106
102	106
104	106
105	106
2	107
6	107
7	107
10	107
12	107
14	107
15	107
17	107
18	107
19	107
21	107
22	107
26	107
28	107
33	107
36	107
37	107
40	107
41	107
42	107
47	107
51	107
52	107
54	107
55	107
60	107
61	107
62	107
64	107
69	107
75	107
77	107
78	107
81	107
84	107
86	107
87	107
88	107
91	107
94	107
95	107
96	107
104	107
106	107
3	108
4	108
5	108
6	108
7	108
8	108
10	108
11	108
13	108
14	108
15	108
16	108
17	108
18	108
19	108
22	108
23	108
24	108
27	108
28	108
31	108
32	108
33	108
34	108
38	108
39	108
41	108
42	108
43	108
46	108
47	108
49	108
51	108
52	108
58	108
60	108
62	108
64	108
65	108
67	108
68	108
69	108
70	108
71	108
72	108
75	108
77	108
78	108
79	108
80	108
82	108
83	108
84	108
89	108
90	108
92	108
94	108
96	108
97	108
101	108
103	108
106	108
1	109
2	109
4	109
7	109
8	109
9	109
12	109
13	109
14	109
18	109
19	109
20	109
22	109
25	109
27	109
29	109
30	109
31	109
32	109
33	109
34	109
37	109
39	109
43	109
44	109
45	109
46	109
47	109
49	109
50	109
51	109
52	109
56	109
59	109
60	109
62	109
63	109
64	109
68	109
71	109
77	109
78	109
82	109
84	109
85	109
88	109
90	109
92	109
93	109
94	109
100	109
101	109
102	109
103	109
105	109
107	109
108	109
4	110
6	110
8	110
10	110
11	110
13	110
15	110
23	110
25	110
26	110
27	110
29	110
34	110
39	110
46	110
47	110
48	110
49	110
54	110
55	110
56	110
57	110
59	110
61	110
64	110
66	110
67	110
69	110
70	110
71	110
72	110
73	110
74	110
75	110
78	110
81	110
82	110
84	110
87	110
95	110
98	110
101	110
102	110
106	110
108	110
1	111
3	111
5	111
6	111
7	111
12	111
13	111
16	111
18	111
20	111
21	111
22	111
23	111
26	111
28	111
29	111
30	111
31	111
32	111
33	111
35	111
36	111
37	111
38	111
41	111
42	111
43	111
45	111
47	111
48	111
50	111
51	111
52	111
53	111
56	111
57	111
59	111
61	111
62	111
70	111
74	111
81	111
82	111
85	111
86	111
87	111
89	111
90	111
91	111
92	111
94	111
95	111
96	111
97	111
98	111
99	111
100	111
106	111
107	111
108	111
109	111
5	112
10	112
21	112
22	112
23	112
25	112
26	112
30	112
31	112
32	112
33	112
35	112
37	112
38	112
39	112
40	112
41	112
42	112
43	112
44	112
46	112
49	112
52	112
53	112
55	112
57	112
58	112
59	112
62	112
64	112
65	112
67	112
69	112
70	112
72	112
78	112
82	112
83	112
86	112
89	112
92	112
94	112
98	112
99	112
100	112
101	112
102	112
103	112
104	112
105	112
106	112
107	112
110	112
2	113
4	113
6	113
12	113
17	113
18	113
20	113
23	113
24	113
25	113
27	113
28	113
29	113
36	113
38	113
40	113
42	113
44	113
48	113
50	113
56	113
58	113
60	113
67	113
68	113
70	113
72	113
73	113
74	113
75	113
77	113
79	113
80	113
81	113
82	113
83	113
85	113
86	113
88	113
92	113
99	113
101	113
102	113
107	113
108	113
109	113
112	113
1	114
5	114
6	114
7	114
8	114
9	114
12	114
13	114
14	114
15	114
16	114
18	114
20	114
29	114
30	114
31	114
33	114
35	114
36	114
39	114
42	114
43	114
46	114
47	114
48	114
50	114
51	114
55	114
56	114
57	114
59	114
61	114
67	114
70	114
71	114
72	114
73	114
75	114
76	114
77	114
80	114
81	114
84	114
85	114
89	114
90	114
91	114
94	114
95	114
96	114
100	114
101	114
104	114
105	114
108	114
111	114
1	115
2	115
4	115
6	115
11	115
13	115
14	115
24	115
27	115
31	115
33	115
34	115
35	115
37	115
44	115
46	115
48	115
49	115
51	115
53	115
54	115
55	115
57	115
59	115
63	115
64	115
67	115
70	115
72	115
76	115
78	115
80	115
82	115
86	115
90	115
91	115
92	115
96	115
98	115
99	115
102	115
103	115
104	115
105	115
106	115
107	115
108	115
114	115
1	116
2	116
3	116
4	116
6	116
7	116
8	116
9	116
13	116
16	116
17	116
18	116
23	116
24	116
28	116
30	116
31	116
32	116
34	116
35	116
36	116
37	116
40	116
43	116
44	116
45	116
47	116
48	116
54	116
55	116
59	116
60	116
61	116
62	116
64	116
65	116
67	116
70	116
71	116
75	116
76	116
78	116
79	116
80	116
82	116
83	116
84	116
86	116
87	116
89	116
90	116
94	116
96	116
99	116
102	116
103	116
104	116
107	116
110	116
111	116
113	116
114	116
6	117
8	117
10	117
14	117
16	117
20	117
21	117
22	117
23	117
26	117
28	117
30	117
32	117
33	117
36	117
37	117
38	117
39	117
42	117
44	117
45	117
46	117
49	117
53	117
54	117
55	117
56	117
57	117
58	117
62	117
63	117
64	117
65	117
68	117
75	117
77	117
78	117
79	117
82	117
83	117
85	117
87	117
88	117
89	117
93	117
96	117
100	117
101	117
102	117
103	117
107	117
109	117
110	117
112	117
113	117
2	118
5	118
10	118
11	118
15	118
18	118
19	118
20	118
24	118
29	118
30	118
31	118
32	118
33	118
36	118
37	118
38	118
41	118
44	118
45	118
46	118
48	118
49	118
50	118
51	118
53	118
54	118
55	118
58	118
62	118
65	118
67	118
68	118
69	118
71	118
72	118
73	118
74	118
78	118
80	118
82	118
84	118
85	118
87	118
88	118
90	118
99	118
101	118
102	118
103	118
104	118
105	118
107	118
108	118
110	118
111	118
114	118
116	118
117	118
3	119
5	119
6	119
7	119
8	119
9	119
13	119
14	119
15	119
16	119
19	119
20	119
23	119
24	119
25	119
26	119
30	119
31	119
32	119
34	119
36	119
39	119
40	119
41	119
44	119
47	119
49	119
51	119
53	119
54	119
56	119
58	119
60	119
63	119
65	119
67	119
68	119
70	119
72	119
74	119
77	119
81	119
82	119
85	119
88	119
89	119
90	119
91	119
93	119
101	119
105	119
106	119
109	119
110	119
112	119
115	119
116	119
117	119
1	120
2	120
4	120
5	120
6	120
9	120
10	120
12	120
15	120
16	120
17	120
19	120
20	120
21	120
22	120
23	120
24	120
26	120
28	120
30	120
31	120
34	120
38	120
39	120
42	120
44	120
47	120
48	120
50	120
57	120
58	120
59	120
60	120
62	120
64	120
66	120
67	120
68	120
69	120
70	120
71	120
75	120
76	120
78	120
79	120
82	120
84	120
87	120
89	120
90	120
92	120
93	120
95	120
96	120
99	120
100	120
102	120
105	120
106	120
110	120
111	120
112	120
113	120
116	120
118	120
1	121
4	121
5	121
7	121
9	121
10	121
12	121
15	121
20	121
22	121
23	121
25	121
26	121
27	121
28	121
30	121
33	121
34	121
35	121
38	121
44	121
45	121
47	121
48	121
52	121
53	121
56	121
57	121
59	121
60	121
61	121
62	121
63	121
65	121
68	121
71	121
72	121
74	121
78	121
82	121
84	121
86	121
88	121
90	121
91	121
92	121
94	121
95	121
96	121
97	121
100	121
101	121
103	121
106	121
107	121
109	121
112	121
115	121
117	121
118	121
119	121
2	122
7	122
8	122
9	122
11	122
12	122
14	122
15	122
16	122
17	122
20	122
21	122
22	122
23	122
26	122
28	122
29	122
30	122
31	122
32	122
34	122
36	122
38	122
40	122
41	122
42	122
43	122
44	122
45	122
46	122
48	122
50	122
51	122
55	122
57	122
58	122
60	122
65	122
66	122
73	122
77	122
80	122
82	122
84	122
86	122
87	122
89	122
91	122
94	122
96	122
98	122
99	122
100	122
102	122
103	122
104	122
105	122
106	122
110	122
111	122
113	122
115	122
117	122
118	122
119	122
121	122
2	123
4	123
5	123
6	123
8	123
10	123
16	123
17	123
18	123
20	123
22	123
25	123
26	123
27	123
29	123
30	123
33	123
34	123
36	123
41	123
42	123
43	123
44	123
46	123
47	123
48	123
49	123
53	123
55	123
59	123
61	123
62	123
63	123
64	123
70	123
71	123
72	123
73	123
75	123
78	123
79	123
81	123
84	123
88	123
89	123
92	123
97	123
98	123
100	123
101	123
104	123
106	123
109	123
111	123
116	123
119	123
120	123
121	123
4	124
6	124
8	124
9	124
10	124
13	124
14	124
15	124
18	124
19	124
23	124
24	124
25	124
26	124
27	124
29	124
31	124
34	124
37	124
38	124
40	124
42	124
43	124
44	124
48	124
51	124
53	124
54	124
55	124
56	124
57	124
58	124
59	124
60	124
62	124
65	124
66	124
69	124
72	124
73	124
74	124
77	124
82	124
83	124
86	124
87	124
89	124
90	124
91	124
92	124
93	124
94	124
96	124
97	124
98	124
102	124
105	124
106	124
107	124
109	124
111	124
114	124
115	124
121	124
122	124
123	124
1	125
4	125
6	125
7	125
8	125
10	125
13	125
17	125
23	125
29	125
31	125
32	125
35	125
37	125
38	125
39	125
42	125
43	125
44	125
47	125
48	125
51	125
53	125
55	125
57	125
62	125
64	125
65	125
66	125
67	125
68	125
70	125
72	125
73	125
78	125
79	125
82	125
84	125
85	125
86	125
89	125
93	125
94	125
95	125
96	125
97	125
99	125
100	125
101	125
103	125
106	125
107	125
108	125
109	125
114	125
116	125
118	125
120	125
122	125
123	125
124	125
2	126
4	126
6	126
7	126
9	126
12	126
13	126
14	126
16	126
17	126
21	126
22	126
23	126
26	126
29	126
31	126
32	126
33	126
35	126
37	126
40	126
41	126
44	126
47	126
49	126
52	126
53	126
54	126
55	126
57	126
58	126
60	126
63	126
64	126
65	126
66	126
67	126
68	126
69	126
73	126
76	126
77	126
79	126
85	126
88	126
90	126
91	126
92	126
95	126
96	126
97	126
98	126
101	126
102	126
103	126
104	126
107	126
108	126
109	126
111	126
116	126
119	126
120	126
122	126
123	126
124	126
125	126
2	127
4	127
5	127
7	127
9	127
10	127
12	127
13	127
14	127
16	127
17	127
18	127
20	127
22	127
24	127
25	127
27	127
29	127
34	127
35	127
37	127
38	127
39	127
40	127
44	127
45	127
46	127
51	127
52	127
54	127
55	127
60	127
61	127
62	127
63	127
65	127
66	127
68	127
70	127
72	127
76	127
77	127
78	127
79	127
80	127
81	127
82	127
84	127
86	127
87	127
90	127
93	127
96	127
99	127
104	127
105	127
111	127
114	127
115	127
118	127
119	127
120	127
121	127
122	127
123	127
125	127
126	127
2	128
3	128
6	128
7	128
11	128
14	128
15	128
16	128
20	128
21	128
23	128
24	128
26	128
29	128
31	128
32	128
33	128
34	128
36	128
38	128
41	128
44	128
46	128
54	128
57	128
64	128
67	128
69	128
70	128
71	128
73	128
76	128
77	128
80	128
82	128
83	128
86	128
88	128
92	128
94	128
95	128
96	128
100	128
101	128
103	128
104	128
106	128
107	128
108	128
109	128
112	128
114	128
115	128
119	128
120	128
121	128
122	128
125	128
1	129
4	129
6	129
11	129
13	129
16	129
18	129
21	129
22	129
23	129
24	129
25	129
27	129
28	129
33	129
35	129
36	129
37	129
38	129
40	129
41	129
43	129
45	129
46	129
47	129
50	129
52	129
53	129
57	129
58	129
60	129
69	129
70	129
71	129
72	129
75	129
76	129
78	129
79	129
81	129
82	129
88	129
89	129
91	129
94	129
96	129
100	129
101	129
102	129
105	129
106	129
107	129
109	129
112	129
115	129
116	129
118	129
120	129
121	129
123	129
124	129
125	129
126	129
127	129
1	130
2	130
3	130
8	130
11	130
14	130
17	130
18	130
19	130
20	130
21	130
22	130
23	130
24	130
25	130
26	130
28	130
29	130
30	130
34	130
35	130
36	130
37	130
38	130
40	130
41	130
50	130
51	130
52	130
54	130
55	130
59	130
61	130
62	130
63	130
64	130
73	130
75	130
80	130
82	130
84	130
87	130
88	130
97	130
98	130
100	130
103	130
106	130
109	130
113	130
114	130
116	130
119	130
122	130
123	130
124	130
125	130
127	130
129	130
1	131
2	131
4	131
5	131
6	131
7	131
8	131
12	131
16	131
19	131
20	131
21	131
22	131
24	131
25	131
26	131
27	131
28	131
31	131
34	131
35	131
36	131
38	131
39	131
41	131
42	131
45	131
46	131
50	131
51	131
52	131
53	131
54	131
55	131
57	131
58	131
59	131
60	131
61	131
63	131
64	131
67	131
73	131
74	131
75	131
77	131
78	131
81	131
82	131
83	131
84	131
86	131
88	131
90	131
91	131
93	131
96	131
97	131
98	131
99	131
100	131
101	131
102	131
103	131
105	131
107	131
108	131
109	131
110	131
113	131
114	131
116	131
117	131
119	131
120	131
122	131
124	131
125	131
126	131
129	131
3	132
4	132
5	132
8	132
12	132
13	132
15	132
22	132
25	132
26	132
29	132
32	132
34	132
36	132
37	132
38	132
41	132
42	132
44	132
47	132
49	132
50	132
51	132
53	132
54	132
58	132
59	132
63	132
64	132
65	132
66	132
70	132
72	132
76	132
78	132
81	132
82	132
83	132
85	132
86	132
88	132
89	132
90	132
93	132
94	132
95	132
96	132
97	132
99	132
101	132
102	132
103	132
107	132
114	132
116	132
117	132
122	132
125	132
126	132
2	133
4	133
5	133
6	133
10	133
13	133
15	133
16	133
18	133
19	133
20	133
24	133
25	133
26	133
27	133
28	133
29	133
30	133
33	133
35	133
36	133
38	133
39	133
46	133
48	133
51	133
53	133
54	133
58	133
60	133
61	133
62	133
63	133
64	133
66	133
67	133
68	133
69	133
71	133
76	133
77	133
78	133
79	133
81	133
83	133
86	133
89	133
90	133
93	133
94	133
96	133
97	133
98	133
100	133
101	133
103	133
106	133
107	133
110	133
114	133
115	133
116	133
119	133
121	133
124	133
126	133
127	133
128	133
130	133
2	134
3	134
4	134
5	134
6	134
8	134
9	134
10	134
11	134
13	134
15	134
16	134
17	134
20	134
22	134
23	134
25	134
26	134
27	134
32	134
35	134
38	134
45	134
46	134
48	134
50	134
52	134
53	134
56	134
60	134
63	134
64	134
68	134
69	134
71	134
72	134
75	134
76	134
78	134
79	134
81	134
82	134
88	134
89	134
91	134
94	134
96	134
98	134
99	134
101	134
102	134
103	134
104	134
105	134
106	134
109	134
110	134
111	134
112	134
114	134
115	134
118	134
120	134
132	134
3	135
11	135
14	135
16	135
17	135
18	135
19	135
22	135
23	135
24	135
26	135
27	135
28	135
29	135
30	135
31	135
33	135
34	135
35	135
36	135
38	135
40	135
42	135
46	135
47	135
48	135
49	135
52	135
53	135
55	135
56	135
58	135
66	135
67	135
71	135
74	135
75	135
76	135
78	135
79	135
80	135
81	135
82	135
85	135
86	135
88	135
89	135
91	135
95	135
96	135
97	135
98	135
100	135
102	135
104	135
106	135
107	135
108	135
110	135
112	135
114	135
121	135
123	135
125	135
126	135
127	135
131	135
132	135
3	136
4	136
5	136
6	136
10	136
11	136
13	136
15	136
16	136
17	136
18	136
20	136
21	136
25	136
27	136
28	136
31	136
32	136
34	136
35	136
37	136
41	136
42	136
43	136
44	136
45	136
46	136
48	136
50	136
52	136
59	136
60	136
61	136
62	136
63	136
64	136
67	136
70	136
71	136
72	136
74	136
78	136
79	136
80	136
81	136
82	136
84	136
86	136
87	136
88	136
91	136
92	136
93	136
94	136
95	136
98	136
99	136
100	136
101	136
104	136
105	136
106	136
108	136
109	136
110	136
113	136
114	136
116	136
117	136
118	136
119	136
120	136
121	136
124	136
125	136
127	136
129	136
131	136
133	136
134	136
3	137
5	137
6	137
7	137
8	137
9	137
10	137
14	137
15	137
17	137
19	137
20	137
21	137
24	137
25	137
29	137
30	137
31	137
32	137
33	137
35	137
42	137
45	137
48	137
50	137
51	137
54	137
57	137
61	137
62	137
63	137
65	137
66	137
67	137
71	137
77	137
83	137
84	137
87	137
90	137
91	137
93	137
95	137
97	137
101	137
102	137
104	137
105	137
110	137
114	137
118	137
122	137
126	137
127	137
133	137
135	137
136	137
1	138
2	138
4	138
5	138
7	138
8	138
10	138
11	138
13	138
15	138
18	138
19	138
22	138
23	138
25	138
26	138
28	138
31	138
32	138
34	138
37	138
39	138
40	138
44	138
45	138
46	138
49	138
50	138
52	138
55	138
56	138
58	138
62	138
63	138
66	138
67	138
69	138
70	138
71	138
74	138
75	138
79	138
81	138
82	138
84	138
85	138
88	138
89	138
91	138
92	138
93	138
94	138
95	138
97	138
98	138
100	138
102	138
103	138
107	138
109	138
112	138
113	138
116	138
117	138
118	138
120	138
123	138
124	138
125	138
126	138
127	138
128	138
132	138
133	138
134	138
136	138
137	138
1	139
3	139
4	139
5	139
6	139
7	139
8	139
9	139
10	139
11	139
12	139
13	139
14	139
16	139
17	139
18	139
19	139
22	139
23	139
28	139
32	139
33	139
36	139
41	139
42	139
43	139
49	139
50	139
51	139
52	139
55	139
57	139
59	139
60	139
61	139
63	139
64	139
66	139
67	139
68	139
70	139
71	139
75	139
77	139
78	139
79	139
82	139
83	139
84	139
89	139
94	139
97	139
98	139
100	139
101	139
102	139
106	139
108	139
110	139
111	139
112	139
114	139
116	139
117	139
118	139
121	139
124	139
125	139
126	139
131	139
133	139
134	139
137	139
138	139
1	140
2	140
6	140
9	140
11	140
14	140
15	140
17	140
19	140
21	140
23	140
25	140
29	140
32	140
33	140
34	140
36	140
37	140
41	140
42	140
43	140
45	140
46	140
49	140
53	140
59	140
60	140
61	140
62	140
63	140
66	140
67	140
68	140
70	140
71	140
72	140
76	140
78	140
79	140
81	140
83	140
84	140
85	140
86	140
89	140
90	140
92	140
95	140
96	140
97	140
101	140
102	140
106	140
107	140
108	140
109	140
111	140
113	140
115	140
118	140
119	140
123	140
124	140
125	140
126	140
127	140
128	140
129	140
130	140
131	140
132	140
133	140
134	140
135	140
138	140
139	140
1	141
3	141
4	141
5	141
6	141
8	141
9	141
11	141
12	141
13	141
14	141
15	141
16	141
20	141
21	141
22	141
25	141
26	141
28	141
31	141
32	141
33	141
35	141
36	141
41	141
42	141
43	141
46	141
47	141
48	141
55	141
57	141
58	141
62	141
63	141
64	141
67	141
70	141
73	141
77	141
78	141
80	141
82	141
83	141
85	141
88	141
90	141
95	141
96	141
97	141
98	141
99	141
100	141
102	141
103	141
105	141
107	141
109	141
112	141
114	141
115	141
119	141
120	141
121	141
122	141
126	141
128	141
130	141
132	141
137	141
138	141
139	141
3	142
6	142
7	142
8	142
9	142
14	142
15	142
16	142
22	142
25	142
26	142
28	142
31	142
32	142
33	142
34	142
35	142
36	142
37	142
38	142
39	142
40	142
42	142
43	142
45	142
47	142
48	142
49	142
50	142
52	142
55	142
56	142
57	142
60	142
64	142
66	142
67	142
70	142
74	142
80	142
83	142
85	142
86	142
88	142
90	142
91	142
92	142
93	142
96	142
101	142
102	142
104	142
105	142
106	142
107	142
111	142
114	142
117	142
120	142
123	142
130	142
131	142
132	142
133	142
138	142
139	142
140	142
6	143
10	143
15	143
16	143
18	143
22	143
24	143
27	143
30	143
31	143
32	143
35	143
38	143
41	143
42	143
43	143
44	143
47	143
48	143
49	143
50	143
52	143
53	143
54	143
58	143
59	143
61	143
65	143
68	143
71	143
72	143
73	143
76	143
77	143
79	143
81	143
82	143
85	143
86	143
87	143
89	143
91	143
92	143
94	143
102	143
106	143
115	143
116	143
118	143
121	143
123	143
129	143
132	143
134	143
136	143
137	143
139	143
141	143
1	144
4	144
6	144
10	144
11	144
15	144
16	144
19	144
25	144
26	144
28	144
30	144
32	144
33	144
36	144
38	144
43	144
44	144
45	144
48	144
52	144
53	144
55	144
56	144
57	144
58	144
60	144
63	144
64	144
65	144
67	144
68	144
71	144
72	144
73	144
78	144
79	144
84	144
85	144
86	144
88	144
89	144
90	144
92	144
93	144
96	144
97	144
102	144
104	144
107	144
108	144
110	144
114	144
115	144
117	144
121	144
126	144
127	144
132	144
133	144
136	144
138	144
139	144
140	144
141	144
3	145
6	145
9	145
10	145
12	145
16	145
20	145
21	145
23	145
24	145
26	145
31	145
32	145
33	145
34	145
35	145
37	145
38	145
40	145
41	145
45	145
47	145
50	145
53	145
56	145
57	145
59	145
60	145
61	145
64	145
66	145
67	145
69	145
72	145
73	145
75	145
76	145
77	145
78	145
79	145
80	145
82	145
83	145
84	145
85	145
87	145
91	145
93	145
94	145
96	145
97	145
99	145
100	145
104	145
105	145
106	145
108	145
109	145
111	145
113	145
114	145
116	145
121	145
122	145
123	145
124	145
125	145
127	145
130	145
134	145
138	145
141	145
143	145
1	146
2	146
4	146
6	146
8	146
9	146
11	146
12	146
13	146
15	146
16	146
17	146
18	146
20	146
23	146
26	146
28	146
30	146
31	146
33	146
34	146
37	146
38	146
40	146
41	146
42	146
45	146
46	146
50	146
52	146
53	146
64	146
65	146
66	146
67	146
69	146
71	146
72	146
74	146
76	146
78	146
79	146
81	146
82	146
86	146
87	146
91	146
92	146
94	146
97	146
101	146
102	146
103	146
104	146
106	146
107	146
109	146
110	146
112	146
114	146
115	146
116	146
118	146
119	146
125	146
126	146
133	146
134	146
137	146
142	146
143	146
144	146
1	147
2	147
3	147
4	147
8	147
10	147
12	147
19	147
20	147
23	147
25	147
29	147
30	147
31	147
32	147
34	147
36	147
39	147
43	147
46	147
47	147
48	147
49	147
50	147
52	147
55	147
57	147
59	147
60	147
62	147
64	147
67	147
68	147
73	147
75	147
76	147
77	147
78	147
79	147
82	147
83	147
89	147
91	147
92	147
94	147
96	147
97	147
98	147
99	147
100	147
102	147
103	147
106	147
107	147
108	147
112	147
114	147
115	147
118	147
122	147
124	147
128	147
129	147
132	147
135	147
137	147
138	147
141	147
143	147
144	147
1	148
8	148
9	148
10	148
11	148
13	148
14	148
16	148
17	148
19	148
21	148
22	148
23	148
24	148
26	148
28	148
29	148
34	148
35	148
36	148
39	148
40	148
42	148
45	148
49	148
50	148
52	148
56	148
58	148
62	148
63	148
69	148
71	148
73	148
75	148
76	148
77	148
78	148
79	148
84	148
90	148
91	148
92	148
95	148
96	148
99	148
101	148
102	148
103	148
107	148
108	148
109	148
110	148
111	148
112	148
116	148
117	148
119	148
120	148
121	148
122	148
127	148
128	148
129	148
130	148
131	148
136	148
140	148
142	148
143	148
144	148
145	148
1	149
2	149
3	149
4	149
8	149
12	149
15	149
16	149
17	149
20	149
21	149
22	149
23	149
27	149
29	149
31	149
36	149
37	149
39	149
41	149
43	149
44	149
46	149
47	149
50	149
51	149
52	149
57	149
58	149
59	149
62	149
68	149
70	149
73	149
76	149
79	149
80	149
81	149
87	149
89	149
90	149
91	149
92	149
93	149
95	149
97	149
102	149
105	149
106	149
109	149
111	149
112	149
114	149
117	149
119	149
122	149
123	149
124	149
129	149
130	149
131	149
133	149
134	149
136	149
137	149
138	149
144	149
148	149
2	150
4	150
6	150
12	150
14	150
15	150
16	150
19	150
22	150
25	150
28	150
29	150
30	150
40	150
46	150
49	150
50	150
52	150
55	150
58	150
63	150
70	150
71	150
72	150
73	150
74	150
77	150
78	150
80	150
81	150
82	150
84	150
87	150
89	150
91	150
92	150
93	150
94	150
95	150
97	150
100	150
101	150
106	150
107	150
112	150
113	150
115	150
119	150
123	150
125	150
127	150
129	150
133	150
135	150
136	150
137	150
138	150
143	150
145	150
147	150
149	150
