1	6
6	9
4	10
5	10
3	12
5	12
8	12
4	13
12	13
1	14
11	15
13	15
7	16
3	17
9	17
3	18
12	18
16	18
12	19
15	19
4	20
5	20
8	20
9	22
20	22
1	23
5	23
21	23
22	23
23	24
5	25
16	25
8	26
14	26
9	27
24	28
9	29
19	29
28	29
23	30
25	32
3	33
4	33
5	33
7	33
9	33
20	33
24	33
10	34
14	34
16	34
19	34
26	34
27	34
1	35
15	35
3	36
12	36
15	36
20	36
24	36
8	37
19	37
20	37
27	37
4	38
12	38
15	38
17	38
23	38
7	39
13	39
23	39
27	39
6	40
9	40
16	40
21	40
32	40
37	40
39	40
9	41
14	41
18	41
28	41
5	42
18	42
19	42
29	42
30	42
31	42
39	42
17	43
21	43
24	43
28	43
33	43
34	43
1	44
3	44
37	44
4	45
7	45
13	45
21	45
31	45
32	45
35	45
39	45
4	46
6	46
13	46
14	46
40	46
42	46
4	47
11	47
16	47
34	47
1	48
3	48
6	48
16	48
19	48
20	48
34	48
2	49
8	49
15	49
23	49
25	49
19	50
24	50
26	50
32	50
37	50
38	50
44	50
7	51
34	51
5	52
6	52
15	52
25	52
33	52
36	52
14	53
19	53
21	53
4	54
6	54
34	54
53	54
1	55
27	55
28	55
39	55
1	56
8	56
12	56
15	56
28	56
51	56
39	57
45	57
7	58
8	58
13	58
30	58
36	58
45	58
48	58
49	58
53	58
54	58
50	59
1	60
47	60
58	60
9	61
15	61
16	61
18	61
30	61
47	61
50	61
55	61
1	62
10	62
12	62
13	62
25	62
38	62
59	62
7	63
24	63
26	63
33	63
55	63
3	64
12	64
13	64
5	65
10	65
13	65
17	65
34	65
42	65
53	65
62	65
4	66
7	66
10	66
17	66
26	66
29	66
31	66
35	66
52	66
57	66
63	66
10	67
15	67
25	67
35	67
44	67
47	67
63	67
8	68
11	68
13	68
28	68
41	68
43	68
46	68
56	68
67	68
3	69
9	69
11	69
13	69
24	69
42	69
47	69
55	69
57	69
1	70
11	70
28	70
38	70
45	70
1	71
3	71
26	71
31	71
32	71
40	71
57	71
4	72
9	72
16	72
23	72
25	72
28	72
47	72
54	72
59	72
22	73
29	73
34	73
36	73
38	73
66	73
71	73
9	74
37	74
45	74
48	74
49	74
51	74
65	74
20	75
22	75
24	75
53	75
66	75
74	75
2	76
7	76
9	76
13	76
15	76
50	76
51	76
63	76
65	76
2	77
4	77
14	77
18	77
19	77
25	77
47	77
52	77
53	77
59	77
66	77
15	78
20	78
25	78
30	78
36	78
38	78
57	78
60	78
62	78
74	78
9	79
11	79
32	79
38	79
43	79
56	79
57	79
63	79
65	79
68	79
75	79
28	80
34	80
36	80
47	80
67	80
70	80
75	80
79	80
22	81
37	81
43	81
46	81
47	81
49	81
73	81
75	81
2	82
19	82
23	82
25	82
31	82
37	82
57	82
75	82
3	83
7	83
8	83
30	83
32	83
34	83
38	83
41	83
44	83
50	83
52	83
59	83
78	83
80	83
16	84
18	84
23	84
45	84
49	84
53	84
60	84
63	84
66	84
2	85
6	85
9	85
33	85
37	85
50	85
66	85
69	85
4	86
6	86
7	86
11	86
47	86
50	86
52	86
60	86
64	86
66	86
69	86
78	86
81	86
82	86
83	86
8	87
18	87
22	87
25	87
32	87
44	87
49	87
53	87
56	87
58	87
83	87
7	88
10	88
14	88
21	88
34	88
35	88
46	88
47	88
48	88
74	88
75	88
82	88
6	89
14	89
15	89
16	89
21	89
24	89
25	89
32	89
69	89
72	89
83	89
8	90
15	90
55	90
69	90
84	90
4	91
6	91
12	91
17	91
41	91
47	91
68	91
69	91
72	91
79	91
84	91
3	92
15	92
17	92
26	92
40	92
49	92
50	92
54	92
70	92
73	92
91	92
3	93
17	93
19	93
25	93
34	93
48	93
55	93
64	93
70	93
87	93
28	94
36	94
44	94
51	94
55	94
61	94
62	94
64	94
67	94
73	94
84	94
85	94
91	94
9	95
11	95
27	95
29	95
33	95
35	95
44	95
49	95
53	95
60	95
66	95
70	95
71	95
92	95
5	96
13	96
34	96
40	96
44	96
51	96
55	96
91	96
94	96
7	97
9	97
11	97
16	97
19	97
20	97
26	97
29	97
31	97
34	97
55	97
62	97
72	97
91	97
92	97
5	98
17	98
39	98
56	98
61	98
82	98
11	99
39	99
55	99
66	99
82	99
83	99
90	99
15	100
25	100
37	100
49	100
61	100
65	100
80	100
86	100
88	100
90	100
96	100
11	101
25	101
35	101
51	101
54	101
64	101
80	101
92	101
12	102
34	102
35	102
42	102
64	102
74	102
80	102
3	103
11	103
22	103
28	103
46	103
58	103
68	103
88	103
97	103
101	103
5	104
8	104
19	104
20	104
30	104
33	104
34	104
54	104
76	104
84	104
85	104
86	104
16	105
27	105
46	105
51	105
53	105
66	105
73	105
74	105
81	105
92	105
12	106
28	106
36	106
37	106
39	106
53	106
63	106
10	107
23	107
40	107
44	107
50	107
62	107
78	107
11	108
15	108
23	108
41	108
48	108
55	108
58	108
2	109
15	109
20	109
23	109
35	109
36	109
62	109
76	109
77	109
91	109
94	109
3	110
9	110
18	110
21	110
59	110
69	110
75	110
79	110
98	110
109	110
14	111
34	111
55	111
60	111
84	111
89	111
92	111
98	111
101	111
110	111
23	112
30	112
50	112
52	112
58	112
65	112
81	112
95	112
101	112
108	112
5	113
6	113
32	113
34	113
39	113
47	113
50	113
54	113
56	113
58	113
65	113
75	113
76	113
86	113
98	113
8	114
15	114
38	114
44	114
57	114
62	114
63	114
81	114
92	114
98	114
1	115
2	115
15	115
17	115
27	115
34	115
47	115
55	115
93	115
95	115
104	115
113	115
6	116
30	116
43	116
62	116
103	116
106	116
7	117
8	117
25	117
28	117
34	117
47	117
53	117
62	117
70	117
75	117
83	117
97	117
103	117
104	117
16	118
18	118
21	118
22	118
33	118
54	118
62	118
67	118
77	118
105	118
4	119
20	119
22	119
31	119
40	119
69	119
71	119
81	119
88	119
108	119
49	120
55	120
56	120
59	120
80	120
89	120
91	120
108	120
9	121
14	121
21	121
27	121
37	121
39	121
40	121
50	121
74	121
83	121
111	121
5	122
12	122
27	122
35	122
42	122
50	122
62	122
68	122
75	122
92	122
97	122
99	122
105	122
18	123
23	123
32	123
62	123
66	123
90	123
101	123
105	123
109	123
118	123
1	124
11	124
25	124
26	124
28	124
32	124
34	124
41	124
47	124
82	124
96	124
101	124
122	124
6	125
17	125
29	125
30	125
39	125
48	125
54	125
72	125
75	125
86	125
103	125
112	125
123	125
12	126
32	126
35	126
51	126
53	126
66	126
75	126
92	126
96	126
103	126
123	126
6	127
16	127
28	127
36	127
41	127
62	127
66	127
84	127
89	127
92	127
103	127
104	127
121	127
123	127
9	128
17	128
41	128
44	128
49	128
77	128
117	128
9	129
16	129
38	129
75	129
78	129
101	129
110	129
113	129
118	129
124	129
127	129
48	130
51	130
66	130
68	130
77	130
79	130
83	130
85	130
86	130
92	130
97	130
116	130
124	130
125	130
126	130
3	131
29	131
33	131
35	131
54	131
65	131
90	131
109	131
115	131
117	131
119	131
125	131
127	131
14	132
29	132
34	132
41	132
54	132
55	132
56	132
58	132
59	132
62	132
68	132
70	132
71	132
79	132
94	132
99	132
100	132
104	132
112	132
32	133
46	133
48	133
54	133
72	133
92	133
96	133
128	133
4	134
16	134
22	134
27	134
54	134
59	134
60	134
73	134
77	134
82	134
83	134
87	134
91	134
93	134
99	134
109	134
120	134
133	134
1	135
22	135
38	135
40	135
54	135
56	135
61	135
66	135
77	135
93	135
107	135
109	135
115	135
116	135
121	135
123	135
124	135
8	136
17	136
18	136
26	136
31	136
35	136
37	136
39	136
42	136
55	136
59	136
64	136
72	136
87	136
93	136
104	136
121	136
124	136
21	137
22	137
45	137
57	137
59	137
74	137
78	137
82	137
104	137
128	137
19	138
22	138
28	138
32	138
41	138
50	138
54	138
69	138
74	138
89	138
93	138
95	138
100	138
109	138
110	138
116	138
121	138
128	138
129	138
137	138
10	139
39	139
48	139
64	139
93	139
101	139
116	139
129	139
132	139
2	140
3	140
9	140
22	140
33	140
36	140
80	140
88	140
112	140
113	140
121	140
127	140
128	140
22	141
29	141
31	141
39	141
72	141
73	141
80	141
85	141
94	141
95	141
98	141
110	141
117	141
125	141
132	141
30	142
31	142
33	142
53	142
60	142
70	142
78	142
80	142
101	142
121	142
123	142
140	142
3	143
14	143
17	143
27	143
32	143
55	143
56	143
61	143
63	143
73	143
102	143
130	143
136	143
1	144
7	144
16	144
18	144
22	144
38	144
52	144
53	144
63	144
74	144
79	144
90	144
97	144
108	144
117	144
118	144
2	145
23	145
43	145
56	145
72	145
93	145
97	145
102	145
114	145
115	145
119	145
126	145
3	146
7	146
14	146
34	146
42	146
43	146
45	146
59	146
70	146
78	146
120	146
121	146
127	146
129	146
135	146
35	147
38	147
39	147
53	147
60	147
69	147
74	147
98	147
101	147
107	147
111	147
126	147
130	147
131	147
137	147
142	147
145	147
4	148
6	148
10	148
18	148
19	148
31	148
37	148
40	148
43	148
47	148
49	148
54	148
60	148
84	148
94	148
96	148
112	148
119	148
122	148
129	148
136	148
142	148
146	148
147	148
21	149
24	149
25	149
26	149
28	149
30	149
34	149
35	149
39	149
62	149
75	149
76	149
82	149
91	149
94	149
114	149
115	149
118	149
121	149
138	149
142	149
11	150
26	150
30	150
35	150
42	150
45	150
51	150
55	150
59	150
70	150
83	150
106	150
112	150
115	150
118	150
126	150
127	150
140	150
6	151
41	151
42	151
47	151
69	151
87	151
102	151
103	151
105	151
114	151
123	151
141	151
148	151
31	152
41	152
52	152
55	152
61	152
63	152
67	152
71	152
80	152
83	152
94	152
102	152
112	152
126	152
137	152
140	152
16	153
19	153
20	153
32	153
47	153
54	153
69	153
70	153
93	153
94	153
99	153
101	153
104	153
1	154
29	154
32	154
49	154
50	154
52	154
53	154
61	154
62	154
68	154
69	154
75	154
96	154
100	154
131	154
153	154
4	155
19	155
22	155
40	155
48	155
71	155
82	155
90	155
95	155
106	155
118	155
2	156
16	156
17	156
24	156
29	156
43	156
52	156
63	156
72	156
93	156
100	156
104	156
107	156
109	156
118	156
130	156
143	156
146	156
149	156
154	156
4	157
9	157
10	157
12	157
32	157
36	157
41	157
53	157
59	157
80	157
88	157
124	157
138	157
150	157
152	157
156	157
34	158
41	158
45	158
48	158
72	158
75	158
81	158
82	158
86	158
106	158
121	158
131	158
139	158
140	158
145	158
1	159
41	159
46	159
57	159
76	159
81	159
118	159
120	159
124	159
125	159
133	159
139	159
152	159
13	160
29	160
34	160
40	160
47	160
58	160
59	160
70	160
88	160
89	160
103	160
122	160
135	160
137	160
140	160
150	160
8	161
33	161
69	161
102	161
103	161
108	161
135	161
146	161
156	161
5	162
6	162
11	162
13	162
36	162
38	162
52	162
63	162
68	162
71	162
95	162
107	162
110	162
121	162
127	162
130	162
147	162
148	162
4	163
23	163
35	163
40	163
48	163
61	163
74	163
78	163
85	163
96	163
157	163
8	164
24	164
35	164
36	164
42	164
48	164
65	164
67	164
78	164
86	164
87	164
90	164
134	164
135	164
144	164
18	165
28	165
44	165
47	165
63	165
84	165
90	165
98	165
117	165
118	165
127	165
147	165
151	165
158	165
162	165
28	166
37	166
39	166
62	166
63	166
73	166
85	166
90	166
93	166
96	166
111	166
124	166
125	166
130	166
132	166
156	166
159	166
165	166
1	167
12	167
18	167
19	167
22	167
30	167
35	167
40	167
43	167
53	167
90	167
91	167
98	167
101	167
105	167
117	167
133	167
154	167
162	167
8	168
19	168
36	168
44	168
66	168
90	168
91	168
120	168
125	168
165	168
17	169
49	169
60	169
82	169
87	169
89	169
90	169
141	169
10	170
25	170
27	170
34	170
35	170
36	170
50	170
56	170
62	170
81	170
84	170
119	170
120	170
129	170
130	170
133	170
146	170
156	170
160	170
162	170
5	171
70	171
72	171
73	171
77	171
78	171
101	171
102	171
105	171
116	171
127	171
159	171
162	171
166	171
5	172
7	172
9	172
15	172
25	172
35	172
65	172
70	172
73	172
77	172
79	172
109	172
126	172
135	172
146	172
147	172
148	172
164	172
170	172
78	173
79	173
89	173
111	173
123	173
125	173
130	173
137	173
142	173
154	173
161	173
172	173
2	174
6	174
9	174
19	174
26	174
28	174
45	174
51	174
59	174
85	174
96	174
102	174
105	174
130	174
170	174
173	174
1	175
58	175
77	175
80	175
88	175
93	175
94	175
95	175
97	175
102	175
103	175
122	175
127	175
138	175
142	175
148	175
159	175
169	175
25	176
26	176
29	176
35	176
36	176
41	176
50	176
52	176
59	176
61	176
63	176
65	176
69	176
72	176
81	176
83	176
103	176
112	176
121	176
129	176
132	176
135	176
136	176
137	176
139	176
152	176
153	176
155	176
165	176
167	176
31	177
35	177
37	177
46	177
65	177
72	177
79	177
94	177
98	177
105	177
112	177
122	177
125	177
128	177
144	177
145	177
148	177
7	178
20	178
21	178
23	178
48	178
49	178
62	178
78	178
82	178
89	178
92	178
105	178
117	178
124	178
134	178
142	178
150	178
154	178
163	178
165	178
174	178
176	178
4	179
13	179
18	179
28	179
29	179
30	179
42	179
52	179
61	179
75	179
86	179
93	179
105	179
112	179
113	179
114	179
141	179
143	179
161	179
162	179
169	179
170	179
175	179
2	180
8	180
18	180
21	180
23	180
29	180
42	180
77	180
90	180
133	180
144	180
151	180
163	180
177	180
5	181
16	181
28	181
29	181
55	181
81	181
83	181
88	181
89	181
115	181
121	181
131	181
141	181
142	181
144	181
146	181
158	181
171	181
1	182
3	182
13	182
31	182
34	182
36	182
81	182
103	182
111	182
124	182
127	182
166	182
172	182
3	183
8	183
20	183
22	183
33	183
42	183
45	183
47	183
48	183
55	183
85	183
86	183
90	183
97	183
114	183
115	183
127	183
138	183
139	183
151	183
152	183
153	183
158	183
165	183
176	183
17	184
34	184
40	184
56	184
66	184
68	184
85	184
86	184
93	184
94	184
98	184
99	184
108	184
111	184
119	184
120	184
126	184
128	184
137	184
145	184
156	184
159	184
162	184
166	184
168	184
177	184
182	184
14	185
24	185
36	185
72	185
77	185
82	185
91	185
94	185
120	185
131	185
140	185
147	185
153	185
163	185
180	185
6	186
12	186
20	186
27	186
38	186
44	186
53	186
62	186
76	186
80	186
81	186
88	186
89	186
99	186
105	186
110	186
121	186
129	186
132	186
137	186
173	186
184	186
4	187
9	187
23	187
40	187
42	187
46	187
50	187
68	187
70	187
73	187
128	187
129	187
139	187
150	187
165	187
169	187
179	187
183	187
28	188
32	188
42	188
46	188
47	188
49	188
64	188
69	188
70	188
87	188
106	188
115	188
121	188
140	188
157	188
158	188
7	189
19	189
21	189
42	189
51	189
68	189
72	189
77	189
78	189
96	189
116	189
123	189
124	189
126	189
129	189
135	189
136	189
138	189
148	189
155	189
185	189
2	190
6	190
10	190
17	190
19	190
23	190
25	190
45	190
47	190
106	190
138	190
155	190
162	190
179	190
180	190
188	190
9	191
27	191
31	191
32	191
39	191
44	191
47	191
50	191
51	191
64	191
68	191
73	191
87	191
88	191
93	191
101	191
150	191
155	191
163	191
170	191
6	192
20	192
27	192
28	192
36	192
51	192
61	192
74	192
77	192
93	192
95	192
100	192
101	192
105	192
106	192
107	192
121	192
136	192
141	192
150	192
162	192
166	192
1	193
5	193
7	193
9	193
19	193
20	193
22	193
25	193
46	193
61	193
66	193
77	193
82	193
101	193
127	193
128	193
130	193
133	193
145	193
151	193
180	193
3	194
14	194
18	194
73	194
77	194
87	194
104	194
106	194
118	194
132	194
146	194
156	194
157	194
170	194
184	194
15	195
17	195
20	195
41	195
42	195
47	195
55	195
76	195
98	195
104	195
115	195
123	195
124	195
140	195
153	195
156	195
172	195
180	195
181	195
194	195
1	196
8	196
9	196
15	196
29	196
31	196
38	196
71	196
84	196
111	196
112	196
113	196
115	196
117	196
127	196
130	196
160	196
176	196
182	196
183	196
187	196
15	197
21	197
22	197
23	197
47	197
57	197
63	197
66	197
79	197
98	197
99	197
101	197
114	197
129	197
132	197
157	197
159	197
180	197
4	198
23	198
24	198
27	198
30	198
45	198
59	198
60	198
69	198
79	198
94	198
100	198
101	198
109	198
124	198
125	198
130	198
132	198
139	198
142	198
149	198
173	198
189	198
5	199
10	199
22	199
31	199
37	199
39	199
51	199
64	199
76	199
104	199
105	199
115	199
118	199
123	199
131	199
132	199
141	199
160	199
170	199
176	199
185	199
188	199
192	199
194	199
197	199
39	200
58	200
68	200
79	200
85	200
96	200
111	200
114	200
119	200
145	200
192	200
5	201
19	201
26	201
31	201
38	201
54	201
68	201
73	201
81	201
99	201
107	201
108	201
141	201
142	201
152	201
161	201
171	201
175	201
176	201
177	201
18	202
38	202
43	202
44	202
47	202
48	202
70	202
72	202
100	202
126	202
167	202
187	202
196	202
2	203
3	203
18	203
27	203
31	203
36	203
53	203
61	203
63	203
65	203
71	203
76	203
77	203
78	203
106	203
119	203
120	203
132	203
140	203
146	203
152	203
161	203
169	203
193	203
198	203
6	204
31	204
34	204
39	204
61	204
90	204
100	204
102	204
107	204
117	204
125	204
132	204
147	204
155	204
157	204
159	204
163	204
166	204
173	204
181	204
183	204
6	205
12	205
26	205
35	205
39	205
43	205
51	205
64	205
73	205
79	205
117	205
121	205
145	205
153	205
158	205
189	205
190	205
13	206
26	206
28	206
36	206
44	206
55	206
59	206
81	206
82	206
87	206
89	206
112	206
117	206
118	206
120	206
124	206
130	206
140	206
141	206
143	206
149	206
150	206
157	206
166	206
167	206
168	206
171	206
182	206
184	206
186	206
187	206
191	206
198	206
4	207
20	207
21	207
25	207
35	207
39	207
41	207
50	207
65	207
76	207
77	207
80	207
90	207
94	207
102	207
114	207
130	207
139	207
140	207
162	207
183	207
190	207
195	207
204	207
205	207
8	208
14	208
16	208
26	208
41	208
49	208
50	208
55	208
59	208
62	208
70	208
77	208
88	208
89	208
90	208
94	208
100	208
105	208
116	208
122	208
125	208
126	208
129	208
156	208
161	208
170	208
171	208
172	208
182	208
197	208
202	208
203	208
204	208
207	208
7	209
18	209
19	209
30	209
31	209
32	209
40	209
42	209
61	209
82	209
95	209
135	209
138	209
140	209
163	209
176	209
184	209
187	209
194	209
195	209
1	210
11	210
13	210
16	210
17	210
18	210
20	210
32	210
43	210
45	210
47	210
49	210
59	210
72	210
76	210
83	210
106	210
115	210
119	210
129	210
157	210
165	210
185	210
188	210
196	210
9	211
10	211
14	211
17	211
28	211
32	211
34	211
68	211
74	211
77	211
81	211
107	211
125	211
127	211
142	211
143	211
160	211
170	211
179	211
189	211
203	211
204	211
206	211
207	211
9	212
17	212
26	212
27	212
29	212
45	212
46	212
57	212
64	212
81	212
85	212
90	212
92	212
104	212
109	212
126	212
129	212
139	212
151	212
168	212
172	212
176	212
180	212
182	212
190	212
192	212
203	212
4	213
7	213
22	213
51	213
58	213
63	213
74	213
115	213
126	213
135	213
140	213
145	213
175	213
191	213
194	213
199	213
201	213
207	213
4	214
5	214
6	214
10	214
24	214
29	214
36	214
50	214
60	214
84	214
92	214
118	214
157	214
185	214
189	214
197	214
211	214
213	214
14	215
24	215
25	215
29	215
33	215
36	215
42	215
54	215
60	215
61	215
67	215
68	215
75	215
77	215
85	215
94	215
96	215
100	215
117	215
125	215
127	215
133	215
135	215
149	215
160	215
191	215
193	215
197	215
213	215
10	216
14	216
19	216
30	216
34	216
52	216
69	216
74	216
112	216
146	216
158	216
179	216
185	216
187	216
191	216
18	217
21	217
53	217
54	217
58	217
91	217
92	217
107	217
109	217
116	217
150	217
160	217
166	217
180	217
188	217
214	217
1	218
14	218
34	218
40	218
71	218
88	218
121	218
142	218
145	218
150	218
174	218
180	218
186	218
192	218
199	218
201	218
202	218
208	218
12	219
21	219
26	219
32	219
37	219
46	219
50	219
51	219
89	219
92	219
95	219
106	219
117	219
127	219
128	219
136	219
141	219
149	219
158	219
167	219
171	219
208	219
22	220
27	220
42	220
65	220
70	220
79	220
103	220
123	220
126	220
128	220
131	220
139	220
156	220
172	220
176	220
196	220
215	220
217	220
219	220
6	221
35	221
44	221
50	221
67	221
70	221
111	221
136	221
142	221
144	221
158	221
161	221
166	221
169	221
174	221
181	221
185	221
191	221
194	221
206	221
210	221
8	222
44	222
47	222
66	222
70	222
73	222
83	222
92	222
98	222
100	222
118	222
119	222
129	222
150	222
160	222
172	222
176	222
190	222
191	222
198	222
201	222
204	222
207	222
4	223
6	223
18	223
21	223
22	223
43	223
50	223
55	223
68	223
70	223
71	223
78	223
82	223
117	223
142	223
148	223
181	223
198	223
204	223
218	223
219	223
45	224
51	224
52	224
57	224
96	224
109	224
126	224
132	224
142	224
146	224
148	224
150	224
151	224
177	224
181	224
187	224
192	224
7	225
9	225
10	225
12	225
15	225
20	225
32	225
39	225
59	225
79	225
85	225
88	225
101	225
104	225
106	225
123	225
138	225
140	225
158	225
168	225
172	225
195	225
213	225
11	226
12	226
39	226
72	226
79	226
80	226
86	226
87	226
92	226
94	226
101	226
119	226
131	226
146	226
167	226
171	226
173	226
202	226
213	226
217	226
23	227
42	227
50	227
55	227
62	227
75	227
76	227
84	227
90	227
93	227
97	227
107	227
110	227
113	227
126	227
154	227
166	227
177	227
181	227
205	227
206	227
209	227
214	227
221	227
19	228
33	228
34	228
37	228
60	228
62	228
71	228
89	228
94	228
96	228
99	228
105	228
110	228
113	228
118	228
127	228
131	228
132	228
145	228
148	228
154	228
156	228
157	228
179	228
182	228
183	228
4	229
6	229
10	229
16	229
34	229
50	229
53	229
81	229
87	229
97	229
102	229
119	229
127	229
134	229
146	229
147	229
151	229
157	229
159	229
161	229
215	229
4	230
7	230
21	230
24	230
45	230
48	230
50	230
67	230
74	230
77	230
85	230
86	230
91	230
103	230
117	230
123	230
139	230
142	230
157	230
158	230
169	230
191	230
196	230
211	230
28	231
66	231
94	231
107	231
128	231
134	231
153	231
181	231
185	231
199	231
202	231
211	231
218	231
228	231
21	232
34	232
39	232
42	232
52	232
65	232
70	232
91	232
93	232
97	232
109	232
112	232
113	232
114	232
121	232
139	232
158	232
174	232
176	232
201	232
213	232
218	232
224	232
27	233
43	233
51	233
53	233
54	233
69	233
90	233
91	233
99	233
104	233
105	233
107	233
113	233
129	233
141	233
143	233
160	233
166	233
176	233
177	233
180	233
188	233
191	233
194	233
211	233
212	233
217	233
222	233
5	234
9	234
11	234
21	234
26	234
35	234
37	234
45	234
52	234
57	234
70	234
78	234
89	234
115	234
128	234
129	234
130	234
135	234
159	234
182	234
190	234
203	234
217	234
229	234
15	235
17	235
32	235
45	235
49	235
50	235
55	235
60	235
70	235
76	235
79	235
80	235
84	235
92	235
103	235
112	235
114	235
130	235
151	235
183	235
187	235
206	235
226	235
6	236
12	236
19	236
39	236
41	236
54	236
55	236
56	236
65	236
74	236
86	236
92	236
102	236
113	236
120	236
127	236
139	236
149	236
153	236
154	236
157	236
184	236
199	236
214	236
225	236
4	237
12	237
38	237
39	237
45	237
60	237
62	237
75	237
77	237
84	237
103	237
155	237
166	237
168	237
169	237
175	237
198	237
214	237
221	237
233	237
4	238
16	238
38	238
39	238
40	238
71	238
72	238
73	238
79	238
81	238
86	238
99	238
106	238
110	238
116	238
128	238
131	238
134	238
136	238
139	238
163	238
203	238
211	238
218	238
221	238
224	238
225	238
229	238
230	238
29	239
38	239
69	239
76	239
87	239
96	239
97	239
102	239
104	239
109	239
128	239
135	239
146	239
159	239
167	239
168	239
172	239
173	239
193	239
194	239
198	239
203	239
213	239
227	239
233	239
5	240
18	240
41	240
66	240
74	240
76	240
85	240
87	240
98	240
128	240
153	240
158	240
159	240
177	240
180	240
190	240
200	240
203	240
224	240
14	241
15	241
16	241
36	241
57	241
86	241
129	241
135	241
160	241
178	241
212	241
217	241
8	242
11	242
22	242
40	242
43	242
66	242
88	242
104	242
109	242
120	242
123	242
132	242
147	242
151	242
176	242
205	242
227	242
229	242
237	242
238	242
9	243
22	243
29	243
30	243
32	243
35	243
42	243
48	243
51	243
55	243
69	243
71	243
84	243
87	243
115	243
116	243
123	243
128	243
155	243
176	243
179	243
202	243
208	243
233	243
236	243
240	243
2	244
6	244
15	244
37	244
42	244
50	244
55	244
56	244
64	244
70	244
78	244
106	244
117	244
153	244
174	244
190	244
197	244
211	244
212	244
213	244
222	244
4	245
6	245
12	245
34	245
46	245
55	245
59	245
62	245
65	245
82	245
90	245
93	245
111	245
119	245
129	245
130	245
139	245
151	245
152	245
155	245
160	245
161	245
166	245
176	245
181	245
185	245
193	245
202	245
211	245
214	245
217	245
227	245
231	245
232	245
237	245
7	246
11	246
13	246
23	246
33	246
49	246
53	246
67	246
93	246
116	246
118	246
126	246
130	246
134	246
141	246
177	246
202	246
212	246
225	246
4	247
5	247
12	247
16	247
29	247
37	247
51	247
63	247
65	247
76	247
90	247
97	247
101	247
109	247
114	247
119	247
124	247
127	247
131	247
146	247
156	247
195	247
210	247
211	247
227	247
232	247
6	248
7	248
11	248
12	248
21	248
32	248
73	248
91	248
124	248
131	248
137	248
146	248
153	248
166	248
167	248
168	248
169	248
177	248
180	248
187	248
197	248
209	248
226	248
21	249
42	249
63	249
64	249
68	249
70	249
73	249
74	249
103	249
112	249
128	249
151	249
155	249
163	249
179	249
189	249
195	249
198	249
199	249
206	249
207	249
6	250
31	250
35	250
43	250
45	250
51	250
53	250
61	250
62	250
108	250
113	250
115	250
126	250
138	250
165	250
170	250
171	250
185	250
195	250
224	250
226	250
249	250
7	251
10	251
12	251
13	251
29	251
37	251
51	251
52	251
55	251
64	251
69	251
87	251
88	251
122	251
163	251
171	251
174	251
177	251
182	251
194	251
198	251
215	251
227	251
244	251
23	252
45	252
47	252
64	252
76	252
126	252
138	252
144	252
159	252
162	252
168	252
177	252
183	252
215	252
219	252
235	252
244	252
17	253
23	253
24	253
30	253
35	253
40	253
45	253
53	253
65	253
73	253
82	253
89	253
96	253
113	253
116	253
118	253
120	253
125	253
143	253
158	253
165	253
170	253
181	253
184	253
201	253
206	253
218	253
228	253
231	253
243	253
249	253
12	254
16	254
19	254
22	254
28	254
53	254
65	254
81	254
82	254
93	254
114	254
127	254
137	254
156	254
164	254
178	254
179	254
194	254
211	254
212	254
214	254
218	254
243	254
2	255
10	255
17	255
23	255
35	255
85	255
106	255
109	255
110	255
122	255
130	255
141	255
148	255
157	255
162	255
165	255
167	255
179	255
187	255
192	255
193	255
197	255
204	255
220	255
243	255
251	255
3	256
9	256
25	256
27	256
36	256
44	256
56	256
68	256
83	256
91	256
93	256
94	256
95	256
101	256
130	256
167	256
178	256
196	256
202	256
205	256
217	256
221	256
222	256
230	256
244	256
250	256
2	257
12	257
20	257
55	257
61	257
67	257
68	257
86	257
97	257
101	257
103	257
114	257
127	257
140	257
170	257
171	257
176	257
179	257
189	257
190	257
204	257
207	257
218	257
221	257
224	257
238	257
35	258
37	258
40	258
42	258
46	258
47	258
57	258
61	258
65	258
68	258
75	258
76	258
82	258
87	258
93	258
95	258
101	258
106	258
108	258
127	258
152	258
161	258
174	258
183	258
190	258
213	258
222	258
223	258
234	258
247	258
17	259
18	259
22	259
38	259
48	259
52	259
58	259
75	259
89	259
103	259
113	259
115	259
140	259
151	259
158	259
172	259
175	259
206	259
217	259
228	259
239	259
250	259
2	260
3	260
23	260
32	260
35	260
39	260
45	260
60	260
61	260
69	260
92	260
96	260
97	260
106	260
108	260
139	260
154	260
165	260
176	260
199	260
233	260
238	260
253	260
9	261
13	261
36	261
41	261
50	261
52	261
64	261
76	261
82	261
84	261
89	261
94	261
106	261
111	261
113	261
117	261
137	261
141	261
142	261
152	261
154	261
174	261
175	261
203	261
217	261
219	261
239	261
245	261
8	262
24	262
30	262
55	262
56	262
78	262
79	262
83	262
86	262
106	262
110	262
123	262
134	262
140	262
143	262
146	262
151	262
153	262
195	262
196	262
200	262
201	262
202	262
208	262
225	262
250	262
255	262
10	263
28	263
29	263
30	263
36	263
43	263
68	263
72	263
83	263
100	263
111	263
115	263
118	263
132	263
149	263
153	263
159	263
194	263
210	263
212	263
213	263
220	263
227	263
229	263
239	263
3	264
4	264
14	264
19	264
25	264
53	264
59	264
67	264
88	264
90	264
92	264
98	264
107	264
108	264
120	264
125	264
128	264
137	264
139	264
148	264
157	264
163	264
171	264
182	264
198	264
199	264
208	264
213	264
217	264
230	264
247	264
9	265
15	265
17	265
18	265
23	265
36	265
53	265
62	265
63	265
71	265
72	265
73	265
76	265
85	265
109	265
110	265
127	265
142	265
147	265
153	265
164	265
167	265
169	265
171	265
176	265
195	265
196	265
199	265
200	265
211	265
220	265
221	265
222	265
223	265
224	265
231	265
242	265
2	266
29	266
32	266
37	266
40	266
45	266
54	266
69	266
81	266
99	266
100	266
110	266
113	266
120	266
142	266
143	266
148	266
164	266
168	266
182	266
214	266
217	266
256	266
258	266
260	266
261	266
29	267
60	267
61	267
84	267
87	267
120	267
121	267
142	267
143	267
149	267
160	267
164	267
179	267
241	267
265	267
3	268
4	268
41	268
42	268
45	268
50	268
70	268
73	268
76	268
87	268
88	268
91	268
100	268
116	268
119	268
120	268
138	268
157	268
168	268
179	268
186	268
188	268
198	268
200	268
203	268
210	268
215	268
221	268
226	268
238	268
245	268
258	268
37	269
65	269
69	269
75	269
82	269
91	269
123	269
128	269
134	269
157	269
165	269
168	269
169	269
190	269
196	269
213	269
218	269
225	269
228	269
229	269
235	269
242	269
246	269
253	269
1	270
24	270
28	270
59	270
64	270
77	270
88	270
91	270
97	270
108	270
114	270
126	270
136	270
139	270
141	270
146	270
164	270
165	270
184	270
190	270
191	270
193	270
195	270
203	270
204	270
207	270
219	270
229	270
241	270
248	270
256	270
259	270
24	271
31	271
39	271
81	271
91	271
97	271
112	271
124	271
125	271
126	271
138	271
141	271
144	271
161	271
182	271
187	271
203	271
216	271
244	271
14	272
36	272
40	272
59	272
69	272
101	272
139	272
162	272
166	272
194	272
203	272
210	272
223	272
229	272
237	272
243	272
265	272
1	273
9	273
24	273
31	273
62	273
75	273
79	273
85	273
94	273
96	273
101	273
126	273
141	273
145	273
164	273
178	273
179	273
180	273
186	273
189	273
192	273
209	273
212	273
217	273
219	273
222	273
234	273
241	273
248	273
251	273
258	273
8	274
42	274
64	274
71	274
85	274
94	274
95	274
121	274
126	274
138	274
155	274
174	274
184	274
189	274
194	274
202	274
205	274
219	274
224	274
226	274
237	274
252	274
260	274
269	274
4	275
6	275
21	275
29	275
32	275
35	275
39	275
43	275
68	275
70	275
73	275
75	275
78	275
102	275
112	275
114	275
117	275
127	275
142	275
146	275
147	275
164	275
165	275
166	275
186	275
191	275
235	275
248	275
262	275
270	275
272	275
25	276
34	276
61	276
71	276
77	276
101	276
126	276
138	276
139	276
168	276
183	276
189	276
192	276
195	276
197	276
198	276
203	276
204	276
206	276
207	276
209	276
215	276
232	276
26	277
40	277
42	277
54	277
60	277
76	277
82	277
95	277
103	277
106	277
117	277
118	277
167	277
179	277
182	277
196	277
204	277
213	277
220	277
222	277
274	277
7	278
9	278
20	278
21	278
28	278
36	278
55	278
59	278
85	278
120	278
133	278
138	278
139	278
157	278
158	278
169	278
177	278
190	278
201	278
220	278
226	278
229	278
256	278
257	278
268	278
270	278
6	279
9	279
21	279
35	279
36	279
45	279
51	279
65	279
66	279
73	279
78	279
79	279
83	279
96	279
98	279
107	279
116	279
130	279
155	279
187	279
189	279
193	279
194	279
198	279
220	279
241	279
249	279
256	279
258	279
259	279
260	279
262	279
263	279
270	279
11	280
12	280
54	280
65	280
72	280
74	280
77	280
97	280
100	280
131	280
143	280
149	280
172	280
175	280
195	280
198	280
206	280
236	280
243	280
253	280
274	280
1	281
9	281
12	281
33	281
39	281
53	281
74	281
76	281
77	281
86	281
101	281
102	281
126	281
161	281
166	281
174	281
176	281
200	281
201	281
203	281
214	281
219	281
221	281
236	281
244	281
254	281
259	281
269	281
273	281
2	282
6	282
9	282
22	282
39	282
48	282
71	282
79	282
83	282
95	282
97	282
103	282
104	282
109	282
122	282
129	282
132	282
137	282
139	282
152	282
157	282
170	282
173	282
182	282
197	282
200	282
208	282
210	282
248	282
256	282
271	282
4	283
14	283
21	283
31	283
34	283
46	283
48	283
61	283
65	283
75	283
91	283
101	283
111	283
117	283
128	283
139	283
146	283
152	283
153	283
154	283
160	283
169	283
174	283
180	283
196	283
225	283
226	283
227	283
254	283
259	283
274	283
7	284
8	284
13	284
19	284
27	284
51	284
72	284
85	284
87	284
91	284
101	284
110	284
116	284
122	284
127	284
163	284
170	284
174	284
180	284
181	284
189	284
195	284
214	284
226	284
233	284
254	284
262	284
278	284
281	284
6	285
8	285
13	285
16	285
57	285
71	285
75	285
80	285
83	285
91	285
92	285
104	285
115	285
117	285
122	285
139	285
142	285
159	285
162	285
163	285
171	285
186	285
197	285
198	285
252	285
259	285
263	285
269	285
279	285
9	286
18	286
41	286
42	286
68	286
81	286
86	286
92	286
102	286
122	286
127	286
130	286
132	286
140	286
145	286
148	286
158	286
161	286
168	286
172	286
177	286
188	286
193	286
197	286
200	286
202	286
204	286
205	286
208	286
220	286
226	286
227	286
230	286
238	286
249	286
251	286
266	286
276	286
277	286
281	286
13	287
26	287
39	287
50	287
52	287
55	287
58	287
62	287
65	287
73	287
93	287
96	287
136	287
144	287
151	287
170	287
175	287
204	287
205	287
227	287
239	287
242	287
254	287
258	287
263	287
268	287
269	287
15	288
22	288
27	288
48	288
59	288
65	288
71	288
77	288
85	288
86	288
87	288
101	288
106	288
109	288
125	288
128	288
140	288
143	288
145	288
166	288
176	288
182	288
192	288
193	288
215	288
221	288
222	288
224	288
230	288
246	288
248	288
11	289
19	289
28	289
41	289
43	289
56	289
57	289
59	289
80	289
95	289
125	289
128	289
129	289
132	289
171	289
174	289
192	289
194	289
220	289
231	289
240	289
242	289
248	289
252	289
258	289
261	289
264	289
267	289
278	289
279	289
283	289
1	290
29	290
32	290
34	290
46	290
63	290
77	290
93	290
104	290
105	290
125	290
140	290
144	290
152	290
166	290
176	290
178	290
202	290
208	290
231	290
241	290
250	290
252	290
255	290
3	291
13	291
17	291
27	291
41	291
76	291
80	291
85	291
99	291
115	291
118	291
123	291
131	291
134	291
142	291
149	291
153	291
159	291
165	291
184	291
221	291
232	291
237	291
258	291
263	291
266	291
267	291
1	292
9	292
24	292
43	292
48	292
64	292
82	292
93	292
99	292
101	292
107	292
109	292
113	292
131	292
136	292
137	292
140	292
141	292
163	292
167	292
195	292
199	292
203	292
207	292
208	292
209	292
216	292
224	292
229	292
237	292
245	292
272	292
277	292
284	292
289	292
1	293
5	293
15	293
29	293
44	293
62	293
66	293
71	293
79	293
80	293
124	293
126	293
133	293
140	293
141	293
146	293
175	293
183	293
217	293
224	293
229	293
232	293
236	293
246	293
264	293
268	293
269	293
274	293
275	293
10	294
16	294
17	294
45	294
48	294
59	294
63	294
88	294
89	294
90	294
96	294
97	294
98	294
101	294
126	294
130	294
133	294
137	294
142	294
145	294
161	294
172	294
173	294
178	294
188	294
191	294
199	294
207	294
209	294
213	294
218	294
220	294
221	294
230	294
234	294
248	294
258	294
263	294
268	294
278	294
292	294
41	295
48	295
65	295
73	295
80	295
85	295
90	295
91	295
106	295
123	295
127	295
129	295
139	295
146	295
148	295
155	295
157	295
172	295
181	295
207	295
212	295
217	295
245	295
248	295
263	295
266	295
272	295
277	295
280	295
287	295
291	295
293	295
294	295
19	296
21	296
46	296
71	296
74	296
79	296
91	296
92	296
93	296
95	296
96	296
118	296
123	296
158	296
160	296
163	296
168	296
170	296
171	296
176	296
186	296
188	296
205	296
232	296
235	296
244	296
250	296
269	296
295	296
1	297
9	297
33	297
38	297
52	297
72	297
77	297
97	297
108	297
110	297
113	297
115	297
190	297
195	297
202	297
203	297
205	297
221	297
239	297
240	297
247	297
260	297
272	297
279	297
286	297
17	298
21	298
28	298
36	298
37	298
76	298
84	298
109	298
115	298
120	298
121	298
127	298
134	298
140	298
145	298
156	298
168	298
180	298
189	298
223	298
227	298
245	298
262	298
270	298
285	298
290	298
6	299
13	299
24	299
30	299
55	299
62	299
72	299
101	299
104	299
108	299
110	299
111	299
118	299
121	299
125	299
148	299
167	299
178	299
181	299
196	299
202	299
210	299
212	299
213	299
234	299
238	299
244	299
246	299
248	299
253	299
263	299
267	299
269	299
291	299
13	300
32	300
39	300
44	300
47	300
63	300
77	300
80	300
104	300
105	300
115	300
154	300
172	300
173	300
180	300
197	300
214	300
235	300
238	300
243	300
258	300
267	300
293	300
22	301
30	301
31	301
41	301
49	301
59	301
62	301
73	301
79	301
88	301
89	301
112	301
128	301
150	301
155	301
157	301
163	301
171	301
188	301
190	301
204	301
207	301
231	301
241	301
243	301
255	301
258	301
266	301
270	301
282	301
285	301
20	302
22	302
37	302
42	302
46	302
52	302
66	302
86	302
87	302
111	302
112	302
129	302
134	302
146	302
155	302
157	302
161	302
164	302
168	302
184	302
186	302
203	302
207	302
209	302
217	302
225	302
229	302
243	302
254	302
257	302
262	302
263	302
274	302
287	302
292	302
2	303
7	303
11	303
13	303
21	303
26	303
28	303
31	303
49	303
51	303
54	303
58	303
73	303
75	303
87	303
100	303
115	303
124	303
129	303
147	303
151	303
158	303
162	303
178	303
182	303
196	303
211	303
215	303
220	303
229	303
232	303
240	303
248	303
251	303
259	303
284	303
292	303
17	304
64	304
76	304
79	304
101	304
114	304
116	304
117	304
149	304
153	304
163	304
164	304
175	304
177	304
178	304
191	304
197	304
206	304
253	304
256	304
268	304
275	304
281	304
283	304
285	304
301	304
12	305
21	305
25	305
40	305
48	305
56	305
82	305
83	305
87	305
91	305
95	305
100	305
105	305
117	305
128	305
148	305
155	305
160	305
168	305
173	305
181	305
194	305
195	305
204	305
226	305
238	305
243	305
250	305
253	305
261	305
269	305
281	305
292	305
302	305
1	306
15	306
23	306
38	306
52	306
65	306
66	306
68	306
69	306
107	306
115	306
123	306
157	306
172	306
173	306
175	306
179	306
186	306
199	306
212	306
242	306
248	306
250	306
263	306
268	306
289	306
5	307
7	307
10	307
15	307
41	307
43	307
55	307
71	307
91	307
93	307
97	307
117	307
130	307
146	307
150	307
155	307
160	307
165	307
171	307
173	307
184	307
185	307
198	307
208	307
209	307
216	307
217	307
224	307
232	307
233	307
236	307
256	307
257	307
259	307
270	307
282	307
302	307
4	308
10	308
15	308
23	308
28	308
84	308
96	308
112	308
116	308
117	308
120	308
121	308
127	308
128	308
131	308
141	308
142	308
162	308
170	308
181	308
184	308
186	308
195	308
228	308
231	308
237	308
260	308
284	308
291	308
299	308
2	309
5	309
40	309
69	309
83	309
90	309
107	309
115	309
118	309
122	309
127	309
132	309
138	309
140	309
144	309
150	309
214	309
215	309
233	309
240	309
241	309
283	309
300	309
10	310
17	310
28	310
33	310
40	310
59	310
64	310
65	310
81	310
85	310
95	310
132	310
139	310
153	310
162	310
201	310
209	310
214	310
226	310
227	310
231	310
246	310
251	310
266	310
280	310
281	310
286	310
292	310
296	310
9	311
27	311
28	311
36	311
49	311
104	311
107	311
116	311
117	311
119	311
120	311
138	311
152	311
155	311
156	311
163	311
195	311
228	311
246	311
250	311
254	311
5	312
17	312
18	312
23	312
25	312
28	312
32	312
40	312
47	312
53	312
61	312
77	312
91	312
100	312
108	312
112	312
114	312
122	312
141	312
149	312
150	312
155	312
168	312
170	312
173	312
202	312
209	312
220	312
228	312
229	312
241	312
244	312
246	312
260	312
267	312
279	312
283	312
292	312
299	312
304	312
13	313
28	313
30	313
48	313
63	313
64	313
69	313
84	313
88	313
94	313
122	313
157	313
160	313
178	313
193	313
196	313
198	313
202	313
216	313
231	313
241	313
255	313
260	313
261	313
295	313
1	314
11	314
13	314
26	314
34	314
39	314
40	314
46	314
55	314
66	314
88	314
100	314
110	314
112	314
115	314
149	314
153	314
162	314
200	314
214	314
219	314
224	314
246	314
252	314
272	314
308	314
2	315
22	315
45	315
46	315
58	315
73	315
86	315
98	315
104	315
107	315
122	315
124	315
126	315
138	315
147	315
152	315
156	315
159	315
164	315
168	315
174	315
187	315
190	315
191	315
195	315
196	315
219	315
232	315
235	315
244	315
256	315
261	315
284	315
12	316
21	316
34	316
48	316
61	316
92	316
104	316
122	316
132	316
140	316
142	316
157	316
168	316
170	316
172	316
182	316
193	316
199	316
205	316
221	316
229	316
231	316
232	316
237	316
245	316
251	316
252	316
253	316
289	316
295	316
303	316
307	316
311	316
314	316
12	317
29	317
54	317
65	317
76	317
96	317
113	317
114	317
127	317
128	317
153	317
155	317
157	317
171	317
192	317
193	317
224	317
231	317
245	317
273	317
279	317
283	317
301	317
311	317
14	318
26	318
42	318
51	318
63	318
70	318
75	318
106	318
141	318
159	318
178	318
181	318
184	318
205	318
211	318
217	318
219	318
227	318
231	318
246	318
252	318
288	318
290	318
293	318
300	318
302	318
309	318
310	318
11	319
26	319
37	319
45	319
54	319
60	319
73	319
79	319
84	319
105	319
110	319
128	319
135	319
137	319
148	319
161	319
175	319
184	319
188	319
194	319
204	319
210	319
216	319
220	319
253	319
259	319
278	319
303	319
10	320
36	320
39	320
40	320
49	320
53	320
69	320
87	320
109	320
114	320
119	320
123	320
132	320
135	320
143	320
151	320
152	320
165	320
174	320
178	320
179	320
181	320
185	320
189	320
190	320
201	320
212	320
215	320
222	320
225	320
245	320
247	320
261	320
292	320
295	320
296	320
301	320
304	320
314	320
13	321
15	321
18	321
47	321
48	321
63	321
66	321
67	321
75	321
96	321
99	321
109	321
118	321
137	321
139	321
142	321
146	321
152	321
184	321
210	321
216	321
232	321
238	321
239	321
241	321
250	321
252	321
253	321
256	321
269	321
270	321
278	321
294	321
295	321
319	321
4	322
10	322
29	322
42	322
55	322
64	322
65	322
68	322
88	322
96	322
184	322
210	322
216	322
218	322
239	322
248	322
264	322
267	322
268	322
281	322
283	322
290	322
294	322
295	322
298	322
302	322
303	322
313	322
319	322
320	322
7	323
9	323
24	323
26	323
31	323
40	323
43	323
53	323
61	323
62	323
63	323
67	323
71	323
95	323
134	323
136	323
150	323
158	323
177	323
182	323
183	323
185	323
193	323
196	323
198	323
202	323
224	323
226	323
228	323
249	323
254	323
259	323
262	323
273	323
274	323
279	323
284	323
293	323
301	323
310	323
7	324
12	324
23	324
35	324
41	324
44	324
49	324
60	324
66	324
80	324
91	324
92	324
95	324
108	324
115	324
122	324
148	324
162	324
165	324
182	324
185	324
199	324
204	324
205	324
215	324
218	324
228	324
260	324
275	324
310	324
317	324
318	324
6	325
7	325
14	325
34	325
35	325
39	325
40	325
42	325
44	325
49	325
121	325
123	325
124	325
128	325
149	325
160	325
165	325
177	325
187	325
192	325
205	325
214	325
225	325
226	325
228	325
234	325
238	325
264	325
286	325
313	325
316	325
42	326
49	326
56	326
57	326
72	326
86	326
106	326
122	326
143	326
152	326
162	326
163	326
172	326
174	326
183	326
187	326
191	326
199	326
202	326
210	326
213	326
214	326
226	326
235	326
244	326
256	326
266	326
279	326
284	326
296	326
306	326
321	326
12	327
29	327
46	327
54	327
65	327
67	327
68	327
71	327
73	327
75	327
81	327
87	327
100	327
101	327
131	327
142	327
156	327
166	327
167	327
188	327
222	327
225	327
228	327
232	327
248	327
258	327
260	327
283	327
290	327
295	327
298	327
300	327
303	327
308	327
1	328
4	328
8	328
14	328
31	328
36	328
37	328
40	328
53	328
61	328
70	328
83	328
84	328
86	328
93	328
95	328
98	328
101	328
105	328
114	328
122	328
124	328
134	328
139	328
143	328
144	328
167	328
172	328
174	328
176	328
184	328
187	328
213	328
215	328
219	328
224	328
236	328
248	328
261	328
270	328
286	328
291	328
1	329
2	329
12	329
22	329
40	329
64	329
70	329
78	329
79	329
110	329
130	329
131	329
133	329
148	329
154	329
158	329
162	329
166	329
171	329
172	329
175	329
191	329
193	329
213	329
220	329
231	329
246	329
256	329
259	329
266	329
274	329
280	329
322	329
328	329
5	330
9	330
11	330
60	330
64	330
65	330
69	330
80	330
91	330
107	330
123	330
129	330
151	330
153	330
161	330
167	330
177	330
211	330
232	330
274	330
276	330
279	330
292	330
310	330
314	330
319	330
322	330
323	330
6	331
10	331
22	331
27	331
31	331
51	331
52	331
66	331
91	331
96	331
103	331
131	331
142	331
148	331
158	331
164	331
171	331
175	331
176	331
181	331
184	331
206	331
212	331
213	331
225	331
232	331
241	331
244	331
245	331
250	331
256	331
257	331
258	331
267	331
289	331
293	331
316	331
319	331
326	331
8	332
9	332
13	332
41	332
68	332
74	332
101	332
113	332
117	332
118	332
135	332
138	332
140	332
143	332
168	332
186	332
187	332
188	332
189	332
193	332
196	332
201	332
204	332
214	332
217	332
229	332
242	332
270	332
272	332
280	332
281	332
293	332
306	332
310	332
311	332
328	332
23	333
24	333
27	333
43	333
48	333
53	333
55	333
61	333
64	333
78	333
86	333
90	333
100	333
102	333
111	333
135	333
153	333
161	333
187	333
202	333
212	333
213	333
214	333
230	333
232	333
236	333
255	333
258	333
275	333
276	333
282	333
289	333
294	333
317	333
4	334
12	334
18	334
25	334
41	334
45	334
57	334
59	334
62	334
73	334
90	334
95	334
99	334
110	334
111	334
121	334
142	334
160	334
182	334
198	334
200	334
205	334
218	334
219	334
229	334
233	334
238	334
244	334
248	334
253	334
260	334
274	334
276	334
278	334
286	334
306	334
309	334
311	334
332	334
8	335
10	335
30	335
38	335
43	335
57	335
58	335
62	335
64	335
76	335
90	335
97	335
98	335
102	335
104	335
107	335
124	335
159	335
163	335
166	335
181	335
186	335
191	335
193	335
194	335
196	335
244	335
261	335
270	335
288	335
303	335
317	335
321	335
325	335
21	336
31	336
40	336
42	336
45	336
46	336
61	336
63	336
76	336
96	336
106	336
113	336
117	336
132	336
139	336
143	336
147	336
156	336
176	336
185	336
186	336
193	336
196	336
245	336
246	336
264	336
274	336
284	336
289	336
292	336
309	336
311	336
329	336
331	336
3	337
8	337
15	337
35	337
41	337
87	337
97	337
100	337
113	337
132	337
133	337
139	337
156	337
168	337
173	337
194	337
199	337
200	337
223	337
224	337
231	337
235	337
245	337
252	337
263	337
273	337
290	337
303	337
323	337
328	337
329	337
10	338
16	338
18	338
50	338
53	338
60	338
63	338
64	338
69	338
109	338
116	338
120	338
123	338
130	338
151	338
158	338
164	338
165	338
176	338
186	338
193	338
194	338
209	338
215	338
231	338
250	338
252	338
260	338
269	338
273	338
281	338
282	338
289	338
310	338
311	338
327	338
331	338
5	339
33	339
40	339
54	339
68	339
69	339
76	339
154	339
156	339
173	339
191	339
221	339
225	339
229	339
236	339
238	339
255	339
268	339
271	339
295	339
303	339
311	339
323	339
335	339
10	340
11	340
19	340
38	340
51	340
65	340
67	340
83	340
96	340
97	340
100	340
106	340
123	340
124	340
127	340
157	340
161	340
170	340
172	340
188	340
189	340
191	340
202	340
207	340
208	340
210	340
224	340
227	340
236	340
237	340
250	340
257	340
259	340
261	340
264	340
277	340
278	340
289	340
312	340
322	340
327	340
8	341
11	341
25	341
33	341
37	341
45	341
55	341
60	341
75	341
84	341
95	341
101	341
124	341
130	341
137	341
146	341
149	341
155	341
185	341
215	341
227	341
231	341
249	341
254	341
265	341
272	341
287	341
290	341
306	341
308	341
337	341
2	342
12	342
26	342
30	342
48	342
53	342
54	342
69	342
71	342
80	342
89	342
94	342
96	342
110	342
113	342
119	342
125	342
137	342
138	342
147	342
151	342
172	342
179	342
201	342
202	342
238	342
239	342
245	342
253	342
259	342
290	342
302	342
305	342
315	342
321	342
333	342
33	343
35	343
41	343
42	343
48	343
50	343
57	343
60	343
61	343
67	343
78	343
84	343
90	343
121	343
125	343
135	343
147	343
155	343
191	343
201	343
204	343
210	343
220	343
237	343
260	343
274	343
278	343
280	343
282	343
308	343
315	343
316	343
320	343
321	343
338	343
5	344
15	344
20	344
25	344
27	344
29	344
31	344
47	344
56	344
65	344
68	344
76	344
77	344
110	344
116	344
118	344
155	344
156	344
207	344
209	344
218	344
242	344
257	344
262	344
265	344
271	344
272	344
282	344
285	344
288	344
293	344
297	344
300	344
318	344
335	344
339	344
342	344
13	345
18	345
37	345
41	345
43	345
44	345
48	345
62	345
78	345
96	345
98	345
107	345
116	345
117	345
121	345
123	345
138	345
162	345
190	345
195	345
202	345
206	345
216	345
218	345
225	345
244	345
278	345
286	345
300	345
301	345
304	345
316	345
328	345
332	345
14	346
20	346
21	346
29	346
35	346
58	346
59	346
60	346
62	346
67	346
69	346
71	346
76	346
90	346
91	346
101	346
111	346
116	346
122	346
131	346
135	346
161	346
163	346
184	346
193	346
194	346
195	346
203	346
208	346
238	346
241	346
284	346
286	346
287	346
311	346
341	346
4	347
5	347
20	347
66	347
67	347
79	347
80	347
87	347
88	347
92	347
102	347
104	347
122	347
126	347
130	347
131	347
144	347
145	347
174	347
197	347
205	347
213	347
219	347
225	347
226	347
229	347
237	347
240	347
264	347
268	347
278	347
281	347
282	347
294	347
299	347
327	347
334	347
6	348
9	348
40	348
58	348
77	348
86	348
101	348
110	348
122	348
125	348
136	348
138	348
142	348
145	348
158	348
164	348
169	348
177	348
178	348
185	348
206	348
213	348
217	348
222	348
223	348
229	348
234	348
241	348
254	348
256	348
262	348
270	348
284	348
289	348
298	348
306	348
309	348
325	348
332	348
333	348
342	348
344	348
347	348
15	349
29	349
31	349
43	349
51	349
59	349
60	349
63	349
70	349
89	349
121	349
123	349
133	349
141	349
145	349
146	349
154	349
160	349
161	349
165	349
180	349
182	349
185	349
190	349
205	349
229	349
234	349
241	349
252	349
261	349
266	349
292	349
303	349
341	349
348	349
4	350
6	350
8	350
12	350
25	350
26	350
29	350
31	350
34	350
37	350
65	350
69	350
72	350
91	350
106	350
116	350
120	350
143	350
150	350
151	350
152	350
162	350
169	350
171	350
174	350
175	350
177	350
180	350
192	350
211	350
213	350
234	350
243	350
255	350
256	350
261	350
272	350
273	350
283	350
285	350
290	350
294	350
297	350
313	350
323	350
331	350
343	350
349	350
2	351
6	351
16	351
17	351
21	351
49	351
55	351
62	351
74	351
76	351
79	351
88	351
98	351
101	351
104	351
105	351
108	351
128	351
132	351
150	351
151	351
154	351
179	351
182	351
208	351
224	351
234	351
242	351
246	351
279	351
294	351
295	351
296	351
301	351
333	351
340	351
343	351
346	351
2	352
20	352
22	352
39	352
42	352
47	352
50	352
57	352
61	352
70	352
90	352
108	352
119	352
128	352
144	352
156	352
171	352
173	352
206	352
219	352
221	352
232	352
239	352
258	352
263	352
267	352
271	352
279	352
280	352
303	352
308	352
309	352
319	352
321	352
323	352
329	352
340	352
346	352
2	353
26	353
27	353
29	353
32	353
34	353
35	353
37	353
41	353
43	353
57	353
58	353
70	353
78	353
105	353
109	353
114	353
128	353
153	353
155	353
178	353
191	353
196	353
202	353
205	353
210	353
215	353
225	353
233	353
251	353
268	353
293	353
299	353
328	353
329	353
351	353
21	354
25	354
35	354
41	354
54	354
58	354
69	354
70	354
72	354
83	354
85	354
86	354
88	354
98	354
119	354
124	354
157	354
175	354
183	354
189	354
209	354
212	354
233	354
242	354
243	354
244	354
246	354
247	354
254	354
262	354
263	354
275	354
294	354
323	354
326	354
334	354
338	354
347	354
6	355
7	355
9	355
32	355
39	355
47	355
51	355
55	355
58	355
71	355
77	355
90	355
91	355
109	355
121	355
122	355
124	355
160	355
161	355
181	355
185	355
197	355
206	355
211	355
214	355
220	355
230	355
235	355
245	355
251	355
271	355
275	355
280	355
287	355
293	355
294	355
301	355
309	355
326	355
336	355
339	355
346	355
7	356
13	356
15	356
21	356
28	356
40	356
42	356
66	356
69	356
106	356
112	356
130	356
132	356
142	356
155	356
166	356
177	356
180	356
199	356
217	356
227	356
259	356
276	356
285	356
290	356
293	356
299	356
308	356
313	356
316	356
326	356
333	356
334	356
338	356
351	356
13	357
21	357
50	357
54	357
55	357
69	357
79	357
82	357
99	357
111	357
112	357
136	357
137	357
139	357
145	357
147	357
157	357
158	357
163	357
185	357
200	357
201	357
209	357
210	357
223	357
228	357
242	357
249	357
255	357
280	357
289	357
294	357
295	357
300	357
305	357
309	357
311	357
321	357
348	357
352	357
354	357
8	358
9	358
10	358
14	358
17	358
31	358
44	358
59	358
86	358
88	358
93	358
108	358
115	358
119	358
151	358
153	358
174	358
176	358
181	358
191	358
197	358
208	358
213	358
217	358
228	358
234	358
236	358
245	358
251	358
269	358
278	358
279	358
293	358
307	358
316	358
323	358
355	358
6	359
21	359
29	359
47	359
51	359
57	359
79	359
82	359
88	359
106	359
110	359
111	359
120	359
124	359
126	359
130	359
151	359
154	359
163	359
171	359
176	359
180	359
181	359
186	359
188	359
208	359
224	359
225	359
233	359
238	359
246	359
250	359
252	359
272	359
280	359
285	359
297	359
307	359
320	359
321	359
327	359
331	359
333	359
335	359
350	359
9	360
20	360
30	360
33	360
49	360
50	360
55	360
61	360
73	360
76	360
82	360
120	360
128	360
130	360
146	360
148	360
149	360
162	360
188	360
205	360
212	360
218	360
229	360
239	360
244	360
254	360
256	360
262	360
264	360
267	360
272	360
273	360
281	360
304	360
329	360
341	360
4	361
5	361
8	361
27	361
33	361
36	361
50	361
56	361
82	361
85	361
89	361
107	361
109	361
117	361
124	361
137	361
165	361
182	361
229	361
231	361
249	361
256	361
266	361
269	361
274	361
296	361
301	361
307	361
314	361
350	361
5	362
11	362
18	362
67	362
68	362
97	362
123	362
130	362
136	362
139	362
147	362
157	362
164	362
190	362
191	362
196	362
201	362
202	362
214	362
217	362
221	362
222	362
241	362
244	362
250	362
257	362
265	362
271	362
278	362
291	362
300	362
307	362
346	362
9	363
27	363
39	363
45	363
53	363
75	363
107	363
110	363
118	363
121	363
170	363
173	363
175	363
176	363
183	363
187	363
208	363
223	363
236	363
261	363
262	363
270	363
272	363
281	363
291	363
303	363
314	363
327	363
340	363
345	363
361	363
2	364
15	364
68	364
69	364
73	364
81	364
104	364
105	364
111	364
115	364
119	364
122	364
131	364
133	364
140	364
147	364
159	364
182	364
189	364
203	364
209	364
227	364
232	364
251	364
269	364
274	364
283	364
285	364
300	364
309	364
316	364
317	364
336	364
355	364
356	364
360	364
3	365
7	365
24	365
29	365
54	365
61	365
72	365
87	365
103	365
124	365
131	365
134	365
144	365
147	365
149	365
182	365
193	365
204	365
218	365
226	365
234	365
259	365
269	365
279	365
287	365
290	365
295	365
296	365
300	365
304	365
307	365
317	365
325	365
336	365
340	365
343	365
346	365
356	365
8	366
14	366
21	366
22	366
25	366
50	366
60	366
61	366
79	366
86	366
91	366
96	366
99	366
102	366
110	366
120	366
124	366
132	366
137	366
144	366
149	366
176	366
178	366
184	366
216	366
218	366
230	366
231	366
232	366
234	366
238	366
251	366
257	366
267	366
276	366
291	366
312	366
344	366
352	366
364	366
6	367
7	367
65	367
71	367
76	367
88	367
109	367
116	367
141	367
185	367
190	367
200	367
207	367
208	367
225	367
229	367
241	367
242	367
254	367
257	367
295	367
302	367
305	367
306	367
309	367
316	367
323	367
358	367
364	367
12	368
13	368
24	368
46	368
47	368
55	368
56	368
69	368
81	368
91	368
107	368
112	368
140	368
148	368
163	368
178	368
180	368
188	368
206	368
227	368
230	368
236	368
282	368
313	368
327	368
337	368
343	368
353	368
355	368
18	369
20	369
27	369
30	369
32	369
43	369
45	369
49	369
51	369
83	369
92	369
94	369
104	369
107	369
138	369
144	369
156	369
168	369
174	369
179	369
197	369
198	369
204	369
214	369
218	369
219	369
223	369
226	369
234	369
244	369
251	369
257	369
262	369
269	369
289	369
297	369
303	369
335	369
336	369
342	369
344	369
345	369
351	369
358	369
359	369
364	369
1	370
4	370
10	370
12	370
17	370
28	370
30	370
37	370
38	370
42	370
47	370
63	370
90	370
100	370
125	370
126	370
134	370
140	370
148	370
158	370
166	370
196	370
197	370
204	370
213	370
222	370
243	370
257	370
259	370
260	370
262	370
271	370
279	370
284	370
323	370
325	370
334	370
348	370
367	370
16	371
18	371
29	371
34	371
59	371
60	371
67	371
68	371
84	371
97	371
109	371
113	371
125	371
138	371
140	371
143	371
155	371
157	371
181	371
189	371
211	371
219	371
230	371
233	371
241	371
243	371
256	371
264	371
267	371
268	371
277	371
285	371
295	371
310	371
336	371
348	371
365	371
15	372
21	372
25	372
42	372
52	372
57	372
63	372
78	372
79	372
139	372
173	372
189	372
201	372
229	372
253	372
328	372
333	372
347	372
361	372
23	373
26	373
32	373
54	373
61	373
72	373
74	373
77	373
85	373
92	373
94	373
112	373
142	373
151	373
161	373
180	373
184	373
187	373
190	373
197	373
208	373
210	373
250	373
274	373
292	373
310	373
322	373
332	373
357	373
4	374
6	374
50	374
51	374
60	374
84	374
91	374
95	374
97	374
101	374
121	374
136	374
144	374
148	374
169	374
174	374
177	374
199	374
205	374
209	374
224	374
236	374
240	374
248	374
254	374
257	374
261	374
267	374
284	374
296	374
333	374
10	375
18	375
21	375
39	375
41	375
77	375
91	375
98	375
102	375
109	375
117	375
119	375
125	375
138	375
142	375
144	375
147	375
151	375
162	375
187	375
190	375
223	375
227	375
235	375
242	375
243	375
249	375
251	375
265	375
276	375
279	375
282	375
285	375
320	375
321	375
340	375
346	375
355	375
369	375
8	376
22	376
28	376
37	376
43	376
46	376
49	376
63	376
75	376
87	376
101	376
120	376
123	376
131	376
150	376
155	376
161	376
178	376
199	376
202	376
210	376
211	376
216	376
245	376
260	376
263	376
270	376
278	376
286	376
288	376
299	376
302	376
332	376
3	377
15	377
34	377
35	377
47	377
51	377
66	377
76	377
89	377
95	377
108	377
126	377
129	377
133	377
142	377
155	377
172	377
182	377
188	377
191	377
207	377
218	377
222	377
223	377
224	377
237	377
238	377
242	377
244	377
266	377
271	377
288	377
290	377
293	377
296	377
302	377
304	377
310	377
321	377
323	377
329	377
336	377
341	377
343	377
345	377
346	377
350	377
356	377
359	377
365	377
1	378
3	378
8	378
9	378
14	378
24	378
25	378
28	378
32	378
34	378
41	378
57	378
69	378
70	378
73	378
77	378
87	378
92	378
93	378
104	378
120	378
165	378
167	378
173	378
185	378
195	378
209	378
210	378
215	378
236	378
267	378
305	378
311	378
321	378
328	378
330	378
331	378
337	378
340	378
342	378
343	378
344	378
351	378
353	378
368	378
374	378
375	378
376	378
5	379
16	379
17	379
19	379
29	379
42	379
49	379
53	379
66	379
78	379
79	379
106	379
113	379
121	379
127	379
131	379
149	379
151	379
163	379
188	379
192	379
197	379
199	379
200	379
204	379
209	379
216	379
231	379
240	379
242	379
261	379
267	379
271	379
272	379
273	379
283	379
303	379
304	379
308	379
314	379
328	379
345	379
347	379
348	379
360	379
372	379
376	379
2	380
4	380
25	380
28	380
47	380
48	380
52	380
69	380
103	380
110	380
137	380
152	380
153	380
170	380
173	380
228	380
229	380
231	380
237	380
239	380
242	380
249	380
260	380
275	380
277	380
294	380
313	380
339	380
345	380
356	380
362	380
375	380
24	381
30	381
35	381
52	381
61	381
64	381
81	381
88	381
92	381
120	381
122	381
125	381
134	381
144	381
150	381
162	381
185	381
203	381
207	381
234	381
251	381
258	381
261	381
269	381
277	381
282	381
304	381
308	381
314	381
318	381
324	381
333	381
338	381
349	381
360	381
361	381
365	381
375	381
380	381
10	382
11	382
29	382
35	382
42	382
48	382
53	382
61	382
75	382
93	382
109	382
123	382
132	382
150	382
163	382
170	382
179	382
219	382
289	382
299	382
313	382
338	382
339	382
347	382
354	382
364	382
370	382
11	383
26	383
29	383
35	383
36	383
39	383
52	383
56	383
62	383
64	383
97	383
98	383
107	383
108	383
110	383
117	383
118	383
127	383
130	383
132	383
147	383
156	383
158	383
200	383
201	383
221	383
241	383
253	383
266	383
271	383
275	383
279	383
289	383
293	383
301	383
307	383
313	383
315	383
340	383
342	383
373	383
7	384
10	384
26	384
32	384
35	384
39	384
50	384
78	384
90	384
92	384
93	384
122	384
132	384
152	384
154	384
167	384
168	384
170	384
178	384
193	384
238	384
258	384
262	384
267	384
268	384
270	384
282	384
287	384
294	384
314	384
325	384
327	384
334	384
340	384
346	384
352	384
354	384
355	384
358	384
366	384
372	384
379	384
380	384
2	385
5	385
14	385
15	385
17	385
29	385
30	385
47	385
48	385
52	385
74	385
75	385
110	385
125	385
128	385
133	385
140	385
144	385
146	385
150	385
175	385
185	385
187	385
192	385
208	385
213	385
220	385
221	385
248	385
263	385
292	385
323	385
325	385
330	385
342	385
351	385
371	385
373	385
376	385
378	385
7	386
9	386
11	386
59	386
87	386
98	386
103	386
106	386
116	386
120	386
124	386
135	386
146	386
151	386
172	386
178	386
213	386
236	386
244	386
248	386
249	386
254	386
259	386
271	386
272	386
275	386
281	386
287	386
304	386
324	386
327	386
361	386
3	387
10	387
19	387
91	387
95	387
102	387
117	387
170	387
184	387
213	387
222	387
236	387
240	387
246	387
261	387
278	387
305	387
325	387
340	387
347	387
351	387
361	387
363	387
367	387
370	387
381	387
386	387
1	388
4	388
5	388
43	388
55	388
61	388
83	388
88	388
100	388
119	388
124	388
129	388
138	388
141	388
152	388
164	388
220	388
222	388
232	388
250	388
268	388
273	388
277	388
282	388
294	388
315	388
332	388
374	388
386	388
29	389
32	389
43	389
46	389
52	389
54	389
74	389
83	389
92	389
94	389
98	389
131	389
133	389
166	389
201	389
205	389
219	389
222	389
224	389
225	389
230	389
251	389
280	389
283	389
294	389
315	389
322	389
339	389
351	389
379	389
380	389
20	390
25	390
27	390
30	390
44	390
50	390
64	390
86	390
96	390
107	390
114	390
165	390
168	390
179	390
181	390
182	390
197	390
205	390
206	390
217	390
221	390
222	390
237	390
250	390
254	390
265	390
270	390
271	390
279	390
291	390
295	390
299	390
301	390
305	390
323	390
333	390
347	390
355	390
363	390
370	390
383	390
386	390
388	390
4	391
14	391
23	391
38	391
48	391
58	391
79	391
84	391
88	391
114	391
143	391
150	391
155	391
173	391
182	391
183	391
190	391
205	391
210	391
214	391
217	391
218	391
222	391
235	391
243	391
266	391
288	391
293	391
299	391
305	391
343	391
363	391
366	391
367	391
369	391
386	391
26	392
27	392
58	392
61	392
84	392
93	392
96	392
97	392
104	392
116	392
130	392
147	392
149	392
150	392
163	392
204	392
205	392
206	392
221	392
234	392
235	392
252	392
264	392
271	392
282	392
299	392
305	392
307	392
316	392
324	392
341	392
352	392
363	392
373	392
381	392
384	392
391	392
6	393
10	393
14	393
25	393
27	393
30	393
52	393
58	393
66	393
72	393
73	393
75	393
86	393
128	393
154	393
157	393
162	393
186	393
200	393
216	393
219	393
220	393
243	393
248	393
261	393
266	393
272	393
276	393
291	393
294	393
315	393
317	393
331	393
333	393
337	393
360	393
362	393
371	393
372	393
380	393
381	393
386	393
392	393
29	394
34	394
36	394
38	394
42	394
45	394
52	394
54	394
58	394
67	394
69	394
72	394
108	394
109	394
111	394
119	394
128	394
148	394
150	394
153	394
154	394
155	394
168	394
177	394
181	394
182	394
193	394
199	394
202	394
213	394
215	394
220	394
228	394
248	394
249	394
261	394
265	394
272	394
278	394
283	394
285	394
300	394
315	394
322	394
324	394
345	394
346	394
355	394
361	394
365	394
378	394
389	394
392	394
3	395
5	395
25	395
34	395
39	395
40	395
43	395
49	395
72	395
82	395
93	395
94	395
121	395
122	395
139	395
140	395
145	395
148	395
151	395
164	395
170	395
178	395
191	395
196	395
219	395
221	395
236	395
255	395
257	395
261	395
262	395
282	395
286	395
289	395
294	395
302	395
306	395
322	395
329	395
332	395
348	395
360	395
382	395
1	396
2	396
5	396
14	396
33	396
44	396
54	396
77	396
80	396
103	396
134	396
145	396
147	396
149	396
153	396
162	396
176	396
184	396
186	396
228	396
238	396
247	396
256	396
260	396
273	396
308	396
315	396
322	396
350	396
355	396
357	396
361	396
371	396
374	396
385	396
1	397
8	397
17	397
18	397
33	397
86	397
106	397
111	397
115	397
117	397
123	397
129	397
136	397
138	397
148	397
153	397
155	397
177	397
200	397
204	397
219	397
236	397
259	397
262	397
275	397
294	397
315	397
324	397
327	397
332	397
336	397
378	397
388	397
390	397
7	398
17	398
19	398
34	398
50	398
62	398
81	398
83	398
98	398
108	398
134	398
136	398
140	398
144	398
182	398
202	398
208	398
217	398
221	398
235	398
241	398
249	398
262	398
263	398
267	398
269	398
275	398
278	398
301	398
309	398
310	398
322	398
328	398
334	398
335	398
355	398
372	398
394	398
1	399
2	399
4	399
6	399
10	399
17	399
18	399
19	399
20	399
26	399
36	399
51	399
67	399
73	399
74	399
117	399
132	399
145	399
154	399
158	399
163	399
165	399
184	399
187	399
188	399
199	399
209	399
213	399
238	399
239	399
247	399
254	399
259	399
265	399
269	399
279	399
303	399
309	399
333	399
338	399
340	399
350	399
354	399
366	399
368	399
390	399
1	400
10	400
21	400
23	400
46	400
50	400
60	400
70	400
71	400
95	400
98	400
113	400
116	400
128	400
149	400
165	400
171	400
176	400
202	400
208	400
232	400
240	400
258	400
259	400
263	400
285	400
288	400
295	400
301	400
303	400
307	400
316	400
317	400
338	400
345	400
374	400
381	400
394	400
16	401
23	401
68	401
98	401
116	401
120	401
142	401
156	401
166	401
185	401
190	401
191	401
193	401
194	401
200	401
202	401
223	401
246	401
250	401
274	401
277	401
296	401
297	401
303	401
311	401
313	401
316	401
320	401
331	401
333	401
343	401
356	401
358	401
362	401
364	401
379	401
385	401
399	401
400	401
7	402
9	402
10	402
15	402
40	402
43	402
45	402
47	402
48	402
59	402
67	402
73	402
74	402
78	402
81	402
121	402
131	402
148	402
181	402
182	402
188	402
189	402
190	402
196	402
200	402
207	402
231	402
233	402
249	402
250	402
259	402
261	402
266	402
282	402
287	402
289	402
351	402
363	402
369	402
375	402
396	402
399	402
401	402
16	403
24	403
27	403
38	403
44	403
47	403
77	403
84	403
142	403
148	403
157	403
184	403
189	403
200	403
208	403
216	403
219	403
229	403
233	403
237	403
239	403
264	403
271	403
274	403
302	403
307	403
325	403
345	403
355	403
362	403
369	403
372	403
374	403
375	403
383	403
387	403
401	403
5	404
8	404
14	404
56	404
84	404
106	404
111	404
112	404
115	404
116	404
117	404
120	404
123	404
130	404
158	404
162	404
185	404
213	404
227	404
237	404
247	404
260	404
266	404
269	404
277	404
280	404
287	404
309	404
310	404
315	404
321	404
331	404
334	404
337	404
338	404
350	404
383	404
397	404
12	405
27	405
33	405
69	405
107	405
113	405
121	405
146	405
155	405
156	405
174	405
206	405
212	405
215	405
216	405
221	405
233	405
236	405
239	405
257	405
285	405
290	405
295	405
307	405
312	405
315	405
320	405
328	405
331	405
339	405
345	405
351	405
357	405
371	405
393	405
1	406
2	406
28	406
29	406
51	406
61	406
107	406
127	406
135	406
136	406
143	406
151	406
158	406
187	406
190	406
212	406
214	406
219	406
221	406
223	406
226	406
259	406
268	406
278	406
301	406
302	406
307	406
310	406
324	406
333	406
336	406
338	406
367	406
369	406
378	406
381	406
393	406
399	406
400	406
405	406
20	407
27	407
55	407
61	407
63	407
73	407
100	407
115	407
119	407
129	407
131	407
136	407
140	407
142	407
151	407
156	407
161	407
167	407
180	407
182	407
185	407
190	407
198	407
204	407
208	407
213	407
217	407
219	407
223	407
237	407
248	407
255	407
257	407
285	407
295	407
320	407
325	407
331	407
332	407
336	407
346	407
349	407
354	407
360	407
386	407
405	407
1	408
11	408
15	408
39	408
41	408
44	408
46	408
53	408
54	408
71	408
80	408
84	408
116	408
170	408
182	408
189	408
192	408
201	408
230	408
231	408
243	408
250	408
260	408
264	408
273	408
275	408
285	408
299	408
307	408
309	408
321	408
331	408
361	408
370	408
371	408
375	408
379	408
382	408
384	408
388	408
389	408
390	408
393	408
399	408
403	408
6	409
13	409
36	409
46	409
55	409
65	409
70	409
75	409
84	409
104	409
108	409
119	409
126	409
129	409
141	409
157	409
159	409
173	409
201	409
212	409
232	409
242	409
261	409
272	409
283	409
294	409
299	409
317	409
319	409
332	409
336	409
337	409
346	409
365	409
372	409
381	409
382	409
394	409
404	409
408	409
5	410
6	410
13	410
34	410
42	410
66	410
90	410
101	410
103	410
115	410
129	410
148	410
150	410
151	410
165	410
170	410
175	410
179	410
184	410
188	410
195	410
211	410
212	410
229	410
244	410
246	410
247	410
251	410
266	410
274	410
279	410
280	410
289	410
294	410
328	410
334	410
367	410
391	410
392	410
399	410
5	411
9	411
14	411
19	411
22	411
27	411
39	411
46	411
61	411
79	411
81	411
97	411
110	411
139	411
162	411
168	411
184	411
185	411
200	411
207	411
211	411
217	411
243	411
249	411
272	411
275	411
276	411
282	411
303	411
310	411
312	411
314	411
318	411
341	411
342	411
356	411
375	411
399	411
23	412
28	412
29	412
36	412
37	412
38	412
41	412
61	412
79	412
87	412
113	412
115	412
119	412
123	412
133	412
134	412
137	412
148	412
165	412
181	412
189	412
195	412
202	412
225	412
226	412
228	412
239	412
245	412
254	412
258	412
268	412
277	412
278	412
279	412
281	412
285	412
296	412
297	412
299	412
302	412
303	412
304	412
307	412
322	412
324	412
329	412
338	412
343	412
347	412
366	412
375	412
379	412
386	412
10	413
36	413
52	413
55	413
58	413
64	413
75	413
94	413
101	413
107	413
113	413
114	413
115	413
129	413
140	413
153	413
168	413
171	413
180	413
182	413
185	413
190	413
200	413
223	413
226	413
233	413
248	413
255	413
261	413
262	413
277	413
283	413
285	413
297	413
303	413
321	413
325	413
360	413
372	413
387	413
393	413
1	414
11	414
26	414
29	414
62	414
81	414
83	414
111	414
114	414
116	414
164	414
168	414
170	414
181	414
201	414
229	414
232	414
264	414
271	414
274	414
277	414
282	414
286	414
290	414
299	414
301	414
306	414
314	414
321	414
334	414
379	414
406	414
410	414
23	415
61	415
77	415
85	415
111	415
136	415
141	415
154	415
155	415
161	415
167	415
180	415
195	415
196	415
209	415
210	415
225	415
254	415
264	415
265	415
283	415
285	415
298	415
318	415
332	415
336	415
338	415
340	415
361	415
373	415
383	415
403	415
407	415
412	415
21	416
30	416
34	416
49	416
52	416
55	416
57	416
64	416
74	416
83	416
103	416
104	416
114	416
119	416
131	416
139	416
149	416
152	416
154	416
241	416
245	416
250	416
274	416
275	416
306	416
308	416
320	416
340	416
348	416
349	416
362	416
370	416
374	416
380	416
391	416
403	416
415	416
3	417
15	417
18	417
32	417
33	417
34	417
43	417
54	417
58	417
70	417
80	417
83	417
90	417
104	417
111	417
121	417
134	417
142	417
158	417
163	417
177	417
193	417
201	417
212	417
222	417
247	417
270	417
281	417
291	417
300	417
306	417
318	417
329	417
335	417
348	417
360	417
363	417
374	417
400	417
2	418
9	418
10	418
11	418
12	418
16	418
17	418
21	418
55	418
63	418
64	418
78	418
83	418
85	418
91	418
103	418
108	418
116	418
120	418
122	418
125	418
126	418
143	418
154	418
166	418
179	418
193	418
210	418
213	418
240	418
262	418
267	418
276	418
277	418
283	418
294	418
304	418
309	418
316	418
330	418
343	418
345	418
348	418
357	418
358	418
362	418
376	418
378	418
384	418
390	418
394	418
398	418
407	418
412	418
414	418
2	419
7	419
13	419
31	419
32	419
38	419
61	419
62	419
77	419
84	419
95	419
100	419
115	419
135	419
137	419
139	419
143	419
160	419
175	419
182	419
190	419
199	419
206	419
207	419
209	419
225	419
232	419
239	419
245	419
299	419
309	419
311	419
316	419
318	419
343	419
344	419
367	419
377	419
378	419
388	419
389	419
401	419
416	419
4	420
5	420
38	420
66	420
71	420
73	420
87	420
91	420
98	420
116	420
141	420
150	420
155	420
161	420
162	420
185	420
188	420
211	420
219	420
224	420
228	420
234	420
246	420
271	420
290	420
295	420
318	420
332	420
334	420
345	420
346	420
367	420
383	420
385	420
387	420
408	420
415	420
15	421
42	421
46	421
52	421
82	421
83	421
89	421
104	421
116	421
119	421
127	421
130	421
153	421
155	421
203	421
208	421
209	421
225	421
230	421
233	421
241	421
244	421
247	421
250	421
269	421
295	421
304	421
311	421
334	421
335	421
344	421
355	421
375	421
384	421
392	421
395	421
398	421
402	421
404	421
409	421
413	421
2	422
9	422
10	422
26	422
35	422
36	422
40	422
41	422
67	422
80	422
85	422
86	422
88	422
97	422
101	422
118	422
147	422
161	422
163	422
164	422
165	422
180	422
205	422
214	422
217	422
220	422
251	422
252	422
255	422
262	422
271	422
273	422
285	422
290	422
291	422
294	422
295	422
305	422
312	422
316	422
317	422
330	422
332	422
337	422
353	422
367	422
368	422
379	422
380	422
395	422
406	422
8	423
48	423
58	423
62	423
92	423
101	423
103	423
120	423
127	423
136	423
138	423
155	423
195	423
205	423
212	423
215	423
219	423
225	423
243	423
255	423
266	423
269	423
270	423
282	423
290	423
291	423
299	423
323	423
325	423
327	423
329	423
356	423
361	423
362	423
380	423
385	423
403	423
1	424
3	424
6	424
14	424
46	424
72	424
86	424
107	424
120	424
149	424
158	424
171	424
177	424
201	424
210	424
227	424
247	424
248	424
253	424
257	424
259	424
283	424
284	424
290	424
293	424
294	424
331	424
335	424
336	424
340	424
348	424
351	424
354	424
394	424
423	424
26	425
33	425
38	425
46	425
49	425
52	425
69	425
71	425
72	425
81	425
93	425
120	425
130	425
142	425
162	425
175	425
191	425
195	425
198	425
199	425
213	425
219	425
240	425
244	425
246	425
257	425
258	425
290	425
294	425
304	425
320	425
321	425
355	425
375	425
399	425
417	425
7	426
17	426
20	426
23	426
37	426
41	426
55	426
63	426
69	426
75	426
76	426
82	426
94	426
120	426
121	426
128	426
133	426
144	426
149	426
180	426
193	426
201	426
212	426
213	426
214	426
219	426
222	426
240	426
246	426
254	426
263	426
265	426
282	426
291	426
293	426
296	426
310	426
311	426
321	426
335	426
338	426
358	426
365	426
378	426
386	426
389	426
413	426
417	426
424	426
425	426
28	427
30	427
54	427
55	427
66	427
67	427
72	427
77	427
78	427
94	427
111	427
118	427
121	427
136	427
151	427
152	427
153	427
156	427
162	427
172	427
179	427
206	427
212	427
214	427
227	427
229	427
230	427
239	427
270	427
284	427
301	427
311	427
317	427
332	427
344	427
383	427
388	427
400	427
408	427
13	428
23	428
31	428
41	428
47	428
53	428
55	428
68	428
119	428
159	428
162	428
175	428
183	428
185	428
190	428
214	428
216	428
220	428
224	428
228	428
229	428
236	428
237	428
241	428
254	428
264	428
272	428
278	428
303	428
315	428
322	428
341	428
349	428
353	428
356	428
362	428
370	428
371	428
416	428
18	429
27	429
42	429
46	429
67	429
95	429
98	429
101	429
120	429
122	429
124	429
125	429
137	429
141	429
166	429
186	429
187	429
204	429
206	429
224	429
240	429
274	429
288	429
294	429
315	429
323	429
325	429
349	429
354	429
361	429
362	429
365	429
366	429
377	429
386	429
389	429
408	429
417	429
426	429
428	429
4	430
6	430
7	430
15	430
17	430
21	430
23	430
37	430
42	430
54	430
67	430
72	430
125	430
127	430
129	430
131	430
146	430
155	430
185	430
188	430
195	430
205	430
207	430
211	430
214	430
215	430
218	430
226	430
229	430
235	430
243	430
270	430
284	430
288	430
301	430
302	430
303	430
351	430
360	430
361	430
363	430
370	430
373	430
378	430
383	430
387	430
390	430
394	430
398	430
406	430
412	430
427	430
2	431
4	431
7	431
10	431
17	431
22	431
28	431
54	431
57	431
58	431
60	431
74	431
96	431
98	431
109	431
113	431
114	431
127	431
179	431
188	431
194	431
204	431
208	431
225	431
233	431
238	431
252	431
265	431
305	431
316	431
338	431
346	431
352	431
410	431
411	431
413	431
415	431
15	432
19	432
22	432
29	432
42	432
56	432
65	432
79	432
82	432
84	432
100	432
101	432
107	432
117	432
120	432
121	432
144	432
162	432
177	432
196	432
221	432
223	432
225	432
233	432
236	432
255	432
284	432
287	432
307	432
321	432
347	432
350	432
368	432
376	432
380	432
407	432
414	432
427	432
9	433
32	433
38	433
58	433
73	433
74	433
79	433
80	433
86	433
94	433
97	433
99	433
104	433
108	433
110	433
113	433
118	433
147	433
157	433
159	433
168	433
172	433
178	433
180	433
236	433
250	433
255	433
290	433
304	433
310	433
324	433
331	433
342	433
345	433
348	433
370	433
373	433
383	433
387	433
401	433
404	433
423	433
21	434
31	434
33	434
43	434
55	434
68	434
72	434
75	434
79	434
84	434
86	434
101	434
102	434
119	434
120	434
126	434
134	434
136	434
141	434
143	434
166	434
173	434
185	434
204	434
221	434
238	434
254	434
267	434
268	434
280	434
281	434
294	434
313	434
323	434
329	434
360	434
361	434
381	434
404	434
7	435
8	435
10	435
25	435
37	435
47	435
59	435
60	435
76	435
104	435
107	435
126	435
136	435
140	435
143	435
162	435
200	435
215	435
218	435
219	435
233	435
264	435
272	435
283	435
284	435
293	435
327	435
329	435
332	435
346	435
365	435
402	435
430	435
1	436
3	436
17	436
19	436
32	436
40	436
41	436
53	436
62	436
70	436
71	436
72	436
77	436
83	436
84	436
88	436
100	436
104	436
109	436
142	436
164	436
172	436
175	436
186	436
230	436
239	436
246	436
247	436
266	436
268	436
270	436
280	436
293	436
315	436
323	436
342	436
388	436
396	436
397	436
407	436
411	436
417	436
418	436
435	436
13	437
17	437
20	437
32	437
42	437
60	437
61	437
63	437
65	437
88	437
90	437
97	437
98	437
120	437
129	437
135	437
147	437
151	437
168	437
178	437
186	437
197	437
201	437
204	437
224	437
238	437
252	437
258	437
264	437
289	437
291	437
292	437
299	437
313	437
322	437
343	437
345	437
357	437
358	437
361	437
376	437
378	437
384	437
385	437
387	437
388	437
390	437
401	437
421	437
424	437
3	438
17	438
29	438
39	438
56	438
60	438
74	438
81	438
99	438
108	438
118	438
128	438
130	438
145	438
150	438
160	438
174	438
193	438
209	438
221	438
252	438
254	438
257	438
262	438
275	438
289	438
291	438
316	438
319	438
323	438
330	438
343	438
359	438
366	438
387	438
406	438
412	438
436	438
11	439
17	439
20	439
29	439
40	439
58	439
61	439
62	439
64	439
88	439
90	439
103	439
108	439
115	439
122	439
123	439
130	439
132	439
164	439
166	439
188	439
190	439
197	439
207	439
211	439
214	439
218	439
225	439
240	439
259	439
265	439
269	439
270	439
273	439
277	439
285	439
287	439
291	439
298	439
305	439
312	439
314	439
317	439
321	439
327	439
353	439
375	439
400	439
413	439
415	439
423	439
427	439
429	439
7	440
15	440
32	440
39	440
47	440
48	440
49	440
52	440
61	440
63	440
66	440
71	440
75	440
88	440
172	440
176	440
189	440
192	440
199	440
202	440
214	440
231	440
235	440
238	440
241	440
273	440
274	440
283	440
296	440
315	440
324	440
327	440
330	440
334	440
341	440
352	440
354	440
355	440
376	440
383	440
395	440
399	440
404	440
405	440
415	440
432	440
437	440
2	441
3	441
12	441
24	441
37	441
42	441
51	441
58	441
81	441
107	441
111	441
117	441
128	441
137	441
157	441
188	441
203	441
206	441
212	441
222	441
244	441
251	441
290	441
300	441
321	441
323	441
333	441
338	441
351	441
359	441
377	441
381	441
383	441
384	441
390	441
405	441
406	441
413	441
415	441
419	441
420	441
427	441
431	441
8	442
39	442
58	442
59	442
68	442
69	442
70	442
106	442
120	442
149	442
153	442
154	442
156	442
157	442
160	442
162	442
180	442
183	442
185	442
204	442
235	442
239	442
240	442
242	442
255	442
266	442
272	442
276	442
278	442
282	442
286	442
293	442
311	442
318	442
323	442
339	442
341	442
345	442
350	442
352	442
365	442
371	442
373	442
380	442
401	442
406	442
419	442
427	442
4	443
7	443
9	443
12	443
17	443
38	443
42	443
52	443
58	443
71	443
94	443
121	443
123	443
124	443
148	443
173	443
189	443
205	443
206	443
209	443
215	443
218	443
228	443
229	443
242	443
250	443
253	443
260	443
269	443
276	443
289	443
339	443
372	443
373	443
379	443
385	443
391	443
413	443
438	443
9	444
11	444
17	444
38	444
46	444
55	444
91	444
100	444
102	444
117	444
127	444
154	444
156	444
157	444
163	444
164	444
173	444
178	444
186	444
202	444
210	444
216	444
244	444
249	444
258	444
263	444
292	444
293	444
308	444
314	444
315	444
319	444
334	444
351	444
364	444
387	444
390	444
399	444
403	444
409	444
411	444
417	444
431	444
19	445
21	445
28	445
33	445
35	445
44	445
46	445
83	445
90	445
91	445
107	445
115	445
123	445
137	445
149	445
163	445
182	445
184	445
198	445
204	445
212	445
223	445
227	445
249	445
255	445
266	445
292	445
306	445
334	445
348	445
362	445
363	445
366	445
372	445
388	445
391	445
403	445
414	445
415	445
420	445
428	445
429	445
437	445
441	445
443	445
7	446
19	446
28	446
36	446
72	446
73	446
74	446
75	446
77	446
89	446
92	446
107	446
110	446
116	446
137	446
145	446
154	446
157	446
170	446
182	446
190	446
198	446
201	446
208	446
209	446
210	446
216	446
229	446
277	446
280	446
285	446
291	446
319	446
321	446
332	446
339	446
342	446
344	446
345	446
346	446
347	446
359	446
367	446
373	446
391	446
395	446
399	446
410	446
425	446
437	446
439	446
7	447
25	447
40	447
63	447
73	447
81	447
87	447
97	447
143	447
151	447
164	447
177	447
191	447
192	447
203	447
209	447
230	447
232	447
250	447
251	447
277	447
279	447
280	447
284	447
294	447
296	447
298	447
299	447
300	447
301	447
306	447
311	447
315	447
332	447
341	447
348	447
350	447
355	447
367	447
368	447
400	447
406	447
409	447
412	447
414	447
419	447
431	447
432	447
436	447
445	447
10	448
16	448
51	448
58	448
81	448
86	448
94	448
99	448
100	448
119	448
123	448
125	448
129	448
146	448
148	448
156	448
177	448
178	448
183	448
186	448
193	448
199	448
211	448
213	448
233	448
235	448
263	448
266	448
278	448
280	448
283	448
291	448
295	448
306	448
333	448
336	448
346	448
360	448
365	448
373	448
376	448
379	448
390	448
403	448
407	448
419	448
420	448
424	448
436	448
440	448
12	449
18	449
48	449
63	449
64	449
65	449
66	449
70	449
81	449
85	449
93	449
101	449
114	449
116	449
120	449
141	449
164	449
183	449
189	449
196	449
246	449
265	449
268	449
269	449
286	449
319	449
320	449
324	449
326	449
342	449
355	449
366	449
439	449
5	450
14	450
17	450
33	450
42	450
68	450
147	450
153	450
165	450
182	450
191	450
201	450
202	450
204	450
229	450
233	450
279	450
281	450
287	450
294	450
295	450
299	450
325	450
344	450
356	450
371	450
374	450
388	450
397	450
413	450
440	450
17	451
19	451
29	451
42	451
46	451
47	451
49	451
53	451
57	451
78	451
80	451
102	451
114	451
132	451
138	451
142	451
143	451
150	451
170	451
179	451
181	451
195	451
201	451
221	451
232	451
241	451
242	451
252	451
267	451
279	451
290	451
307	451
311	451
326	451
328	451
332	451
352	451
353	451
361	451
363	451
370	451
371	451
403	451
404	451
409	451
418	451
435	451
437	451
15	452
35	452
43	452
44	452
54	452
71	452
74	452
85	452
92	452
97	452
128	452
130	452
143	452
152	452
176	452
193	452
201	452
219	452
223	452
229	452
263	452
266	452
283	452
293	452
318	452
330	452
339	452
352	452
356	452
367	452
371	452
373	452
378	452
390	452
394	452
395	452
400	452
408	452
409	452
411	452
413	452
426	452
6	453
12	453
19	453
43	453
50	453
58	453
84	453
86	453
102	453
111	453
118	453
120	453
150	453
159	453
170	453
175	453
179	453
200	453
203	453
207	453
210	453
211	453
219	453
237	453
245	453
248	453
260	453
261	453
288	453
290	453
294	453
306	453
321	453
322	453
330	453
332	453
333	453
349	453
363	453
369	453
372	453
378	453
389	453
392	453
9	454
22	454
28	454
44	454
81	454
92	454
93	454
109	454
112	454
117	454
135	454
154	454
175	454
176	454
193	454
198	454
202	454
206	454
215	454
231	454
238	454
262	454
267	454
268	454
271	454
276	454
284	454
285	454
322	454
330	454
348	454
353	454
360	454
362	454
368	454
370	454
377	454
379	454
381	454
396	454
416	454
417	454
425	454
442	454
3	455
4	455
12	455
14	455
38	455
41	455
57	455
58	455
72	455
81	455
84	455
96	455
133	455
137	455
147	455
149	455
150	455
170	455
171	455
189	455
194	455
198	455
204	455
207	455
213	455
233	455
240	455
253	455
256	455
262	455
271	455
291	455
295	455
296	455
299	455
313	455
323	455
331	455
334	455
338	455
340	455
346	455
369	455
371	455
380	455
382	455
386	455
395	455
402	455
411	455
413	455
426	455
431	455
442	455
453	455
454	455
12	456
24	456
32	456
34	456
45	456
63	456
85	456
89	456
127	456
130	456
134	456
139	456
141	456
157	456
163	456
186	456
195	456
208	456
214	456
215	456
222	456
228	456
232	456
236	456
245	456
254	456
256	456
278	456
294	456
305	456
306	456
315	456
326	456
335	456
340	456
372	456
374	456
376	456
380	456
381	456
387	456
392	456
414	456
425	456
445	456
1	457
2	457
6	457
7	457
8	457
10	457
14	457
15	457
28	457
34	457
52	457
54	457
55	457
66	457
79	457
82	457
96	457
106	457
137	457
139	457
155	457
166	457
167	457
214	457
224	457
259	457
279	457
305	457
308	457
316	457
319	457
336	457
351	457
352	457
360	457
366	457
367	457
370	457
375	457
379	457
380	457
388	457
408	457
427	457
436	457
444	457
445	457
11	458
25	458
31	458
37	458
44	458
56	458
70	458
77	458
79	458
83	458
88	458
97	458
106	458
110	458
120	458
134	458
159	458
173	458
177	458
200	458
204	458
208	458
231	458
237	458
246	458
255	458
257	458
265	458
270	458
272	458
281	458
282	458
318	458
351	458
355	458
356	458
372	458
410	458
431	458
447	458
449	458
456	458
22	459
25	459
31	459
36	459
59	459
104	459
109	459
113	459
123	459
125	459
136	459
146	459
168	459
170	459
176	459
192	459
193	459
197	459
198	459
211	459
212	459
226	459
230	459
249	459
261	459
268	459
276	459
283	459
313	459
317	459
321	459
322	459
345	459
346	459
352	459
360	459
384	459
386	459
392	459
393	459
394	459
401	459
411	459
414	459
429	459
435	459
438	459
444	459
453	459
10	460
24	460
34	460
60	460
67	460
68	460
70	460
76	460
105	460
129	460
146	460
151	460
163	460
178	460
190	460
191	460
201	460
211	460
214	460
222	460
226	460
236	460
242	460
248	460
260	460
263	460
265	460
274	460
284	460
300	460
316	460
338	460
351	460
355	460
363	460
364	460
381	460
406	460
419	460
424	460
432	460
436	460
449	460
24	461
40	461
42	461
44	461
46	461
51	461
58	461
61	461
64	461
98	461
100	461
101	461
103	461
105	461
110	461
119	461
132	461
142	461
154	461
165	461
181	461
192	461
218	461
229	461
254	461
272	461
281	461
286	461
287	461
293	461
296	461
299	461
300	461
304	461
331	461
340	461
349	461
354	461
356	461
362	461
384	461
399	461
407	461
449	461
455	461
4	462
12	462
19	462
31	462
54	462
56	462
62	462
72	462
84	462
86	462
106	462
112	462
114	462
156	462
170	462
172	462
176	462
177	462
182	462
186	462
191	462
193	462
213	462
244	462
253	462
259	462
262	462
266	462
283	462
294	462
316	462
319	462
331	462
332	462
333	462
344	462
356	462
381	462
387	462
395	462
420	462
447	462
448	462
4	463
7	463
10	463
18	463
19	463
31	463
35	463
41	463
42	463
44	463
51	463
52	463
98	463
99	463
108	463
124	463
146	463
149	463
152	463
161	463
176	463
179	463
195	463
221	463
233	463
238	463
248	463
257	463
281	463
286	463
323	463
336	463
338	463
364	463
373	463
397	463
399	463
410	463
439	463
444	463
456	463
2	464
7	464
19	464
21	464
30	464
36	464
47	464
59	464
61	464
67	464
106	464
108	464
109	464
119	464
126	464
132	464
142	464
160	464
185	464
199	464
206	464
223	464
224	464
231	464
238	464
252	464
256	464
293	464
299	464
301	464
306	464
318	464
321	464
330	464
340	464
354	464
356	464
368	464
381	464
395	464
398	464
405	464
410	464
418	464
438	464
443	464
444	464
448	464
460	464
6	465
7	465
14	465
19	465
40	465
62	465
88	465
92	465
94	465
97	465
103	465
109	465
116	465
128	465
137	465
139	465
155	465
157	465
159	465
160	465
161	465
162	465
167	465
187	465
194	465
198	465
217	465
223	465
243	465
245	465
246	465
249	465
261	465
267	465
268	465
287	465
296	465
300	465
335	465
356	465
369	465
375	465
393	465
400	465
401	465
409	465
414	465
438	465
445	465
454	465
456	465
461	465
6	466
18	466
29	466
39	466
52	466
56	466
62	466
68	466
74	466
75	466
81	466
83	466
101	466
114	466
117	466
121	466
126	466
127	466
147	466
150	466
164	466
169	466
170	466
180	466
189	466
204	466
219	466
221	466
235	466
250	466
252	466
261	466
276	466
285	466
293	466
315	466
332	466
341	466
373	466
375	466
382	466
385	466
407	466
414	466
420	466
435	466
444	466
448	466
4	467
7	467
16	467
17	467
53	467
72	467
86	467
88	467
95	467
119	467
133	467
168	467
191	467
195	467
244	467
260	467
266	467
276	467
284	467
291	467
307	467
314	467
316	467
322	467
329	467
335	467
341	467
342	467
348	467
352	467
361	467
367	467
379	467
386	467
406	467
435	467
448	467
465	467
1	468
12	468
15	468
55	468
59	468
86	468
91	468
104	468
107	468
120	468
132	468
146	468
164	468
170	468
173	468
181	468
198	468
207	468
216	468
219	468
289	468
296	468
304	468
317	468
319	468
321	468
341	468
349	468
351	468
356	468
378	468
394	468
426	468
430	468
432	468
433	468
437	468
446	468
458	468
459	468
461	468
18	469
24	469
35	469
46	469
48	469
53	469
78	469
90	469
125	469
133	469
136	469
142	469
153	469
154	469
170	469
172	469
196	469
210	469
213	469
228	469
236	469
237	469
254	469
261	469
267	469
275	469
277	469
322	469
323	469
328	469
342	469
345	469
347	469
351	469
362	469
365	469
379	469
381	469
384	469
401	469
407	469
413	469
429	469
437	469
438	469
447	469
455	469
8	470
24	470
32	470
33	470
53	470
74	470
88	470
119	470
122	470
126	470
135	470
137	470
144	470
147	470
150	470
154	470
156	470
167	470
168	470
181	470
192	470
222	470
230	470
235	470
241	470
244	470
248	470
261	470
262	470
272	470
275	470
284	470
285	470
299	470
309	470
311	470
323	470
337	470
341	470
367	470
377	470
387	470
393	470
430	470
434	470
435	470
458	470
459	470
460	470
4	471
14	471
34	471
35	471
43	471
63	471
70	471
85	471
97	471
108	471
112	471
132	471
154	471
171	471
178	471
184	471
202	471
232	471
236	471
268	471
272	471
279	471
300	471
301	471
305	471
311	471
314	471
316	471
320	471
321	471
327	471
328	471
380	471
392	471
404	471
420	471
437	471
443	471
465	471
466	471
467	471
469	471
7	472
11	472
42	472
48	472
61	472
69	472
82	472
89	472
105	472
109	472
117	472
133	472
139	472
140	472
147	472
150	472
151	472
155	472
178	472
184	472
207	472
232	472
267	472
331	472
332	472
340	472
347	472
354	472
369	472
382	472
386	472
395	472
403	472
407	472
415	472
416	472
417	472
429	472
439	472
443	472
445	472
452	472
455	472
27	473
31	473
38	473
48	473
49	473
53	473
67	473
82	473
85	473
87	473
99	473
124	473
131	473
154	473
180	473
193	473
201	473
234	473
239	473
243	473
288	473
305	473
306	473
313	473
315	473
330	473
331	473
341	473
357	473
364	473
369	473
403	473
420	473
423	473
429	473
434	473
443	473
457	473
466	473
1	474
20	474
23	474
61	474
62	474
86	474
91	474
114	474
116	474
117	474
119	474
120	474
141	474
165	474
170	474
172	474
177	474
179	474
197	474
209	474
239	474
247	474
259	474
268	474
275	474
298	474
334	474
342	474
343	474
370	474
392	474
419	474
433	474
435	474
437	474
448	474
455	474
469	474
471	474
473	474
12	475
44	475
55	475
71	475
74	475
95	475
106	475
120	475
141	475
161	475
170	475
201	475
203	475
211	475
218	475
247	475
267	475
268	475
269	475
272	475
274	475
296	475
298	475
300	475
317	475
323	475
324	475
332	475
335	475
337	475
356	475
364	475
368	475
384	475
400	475
414	475
415	475
447	475
453	475
472	475
4	476
11	476
14	476
23	476
49	476
64	476
66	476
68	476
103	476
163	476
165	476
180	476
185	476
200	476
222	476
226	476
234	476
236	476
254	476
257	476
258	476
295	476
302	476
311	476
317	476
328	476
340	476
363	476
364	476
376	476
380	476
390	476
398	476
418	476
432	476
433	476
446	476
458	476
474	476
475	476
15	477
30	477
33	477
44	477
51	477
91	477
96	477
99	477
104	477
112	477
115	477
118	477
122	477
128	477
154	477
176	477
182	477
191	477
193	477
227	477
231	477
236	477
239	477
252	477
290	477
311	477
342	477
343	477
359	477
363	477
366	477
368	477
369	477
378	477
381	477
384	477
401	477
402	477
408	477
427	477
440	477
444	477
454	477
469	477
24	478
29	478
33	478
37	478
43	478
48	478
53	478
65	478
101	478
124	478
127	478
145	478
168	478
178	478
206	478
208	478
211	478
238	478
239	478
246	478
265	478
281	478
306	478
317	478
319	478
323	478
329	478
336	478
353	478
357	478
362	478
368	478
383	478
391	478
395	478
400	478
414	478
418	478
426	478
442	478
462	478
473	478
477	478
10	479
15	479
26	479
30	479
37	479
48	479
58	479
59	479
68	479
79	479
83	479
99	479
116	479
120	479
121	479
134	479
135	479
139	479
145	479
154	479
157	479
159	479
164	479
166	479
168	479
188	479
197	479
206	479
247	479
260	479
264	479
271	479
273	479
283	479
297	479
301	479
307	479
314	479
326	479
339	479
340	479
354	479
356	479
357	479
364	479
386	479
388	479
408	479
420	479
423	479
437	479
449	479
461	479
464	479
465	479
8	480
10	480
69	480
95	480
101	480
102	480
103	480
111	480
113	480
116	480
119	480
137	480
138	480
143	480
144	480
165	480
171	480
199	480
212	480
220	480
224	480
245	480
250	480
276	480
287	480
299	480
301	480
335	480
357	480
363	480
395	480
406	480
414	480
417	480
419	480
430	480
436	480
456	480
457	480
26	481
34	481
38	481
41	481
96	481
100	481
105	481
126	481
127	481
129	481
143	481
148	481
156	481
168	481
171	481
181	481
190	481
204	481
247	481
249	481
261	481
294	481
295	481
306	481
309	481
334	481
371	481
372	481
377	481
382	481
383	481
407	481
419	481
430	481
457	481
459	481
468	481
17	482
19	482
33	482
41	482
45	482
53	482
68	482
85	482
92	482
93	482
103	482
147	482
163	482
179	482
182	482
197	482
198	482
203	482
204	482
206	482
213	482
227	482
234	482
259	482
265	482
267	482
268	482
283	482
284	482
312	482
320	482
328	482
342	482
353	482
362	482
368	482
395	482
397	482
413	482
419	482
431	482
432	482
21	483
26	483
49	483
69	483
78	483
80	483
82	483
120	483
144	483
149	483
151	483
164	483
181	483
213	483
218	483
229	483
243	483
245	483
259	483
261	483
272	483
276	483
283	483
287	483
294	483
310	483
313	483
319	483
325	483
328	483
344	483
352	483
361	483
365	483
366	483
371	483
390	483
392	483
418	483
421	483
436	483
452	483
473	483
474	483
479	483
11	484
21	484
33	484
35	484
65	484
93	484
101	484
110	484
111	484
140	484
142	484
155	484
159	484
160	484
169	484
174	484
178	484
182	484
183	484
191	484
194	484
195	484
226	484
229	484
236	484
243	484
244	484
245	484
246	484
256	484
260	484
263	484
267	484
269	484
281	484
286	484
323	484
334	484
335	484
339	484
341	484
370	484
383	484
407	484
423	484
443	484
455	484
458	484
467	484
477	484
478	484
3	485
6	485
23	485
28	485
48	485
51	485
85	485
95	485
105	485
143	485
144	485
147	485
159	485
167	485
168	485
176	485
204	485
219	485
224	485
248	485
256	485
271	485
278	485
283	485
301	485
332	485
335	485
340	485
350	485
393	485
394	485
397	485
407	485
431	485
437	485
450	485
452	485
465	485
474	485
476	485
5	486
45	486
71	486
78	486
90	486
93	486
102	486
108	486
121	486
129	486
134	486
138	486
166	486
180	486
192	486
194	486
207	486
209	486
217	486
222	486
227	486
234	486
237	486
240	486
249	486
252	486
259	486
265	486
266	486
269	486
328	486
329	486
334	486
359	486
386	486
394	486
397	486
409	486
429	486
433	486
439	486
450	486
454	486
458	486
485	486
11	487
16	487
41	487
51	487
55	487
66	487
72	487
85	487
92	487
102	487
108	487
112	487
113	487
123	487
130	487
141	487
146	487
154	487
159	487
167	487
172	487
186	487
191	487
195	487
203	487
208	487
214	487
223	487
224	487
225	487
235	487
238	487
239	487
244	487
247	487
271	487
290	487
300	487
314	487
327	487
358	487
366	487
374	487
385	487
395	487
405	487
409	487
418	487
427	487
429	487
465	487
478	487
484	487
5	488
57	488
68	488
72	488
78	488
102	488
105	488
107	488
134	488
163	488
172	488
196	488
210	488
211	488
236	488
254	488
259	488
269	488
271	488
287	488
298	488
299	488
304	488
316	488
326	488
346	488
362	488
369	488
376	488
394	488
396	488
399	488
408	488
415	488
428	488
435	488
439	488
440	488
442	488
444	488
456	488
8	489
13	489
14	489
25	489
26	489
28	489
30	489
33	489
47	489
56	489
70	489
93	489
115	489
117	489
125	489
147	489
158	489
172	489
178	489
184	489
201	489
228	489
240	489
247	489
258	489
264	489
280	489
298	489
311	489
340	489
358	489
363	489
364	489
371	489
411	489
413	489
421	489
429	489
442	489
447	489
459	489
460	489
466	489
471	489
487	489
7	490
10	490
18	490
19	490
25	490
33	490
34	490
50	490
51	490
54	490
55	490
72	490
80	490
89	490
95	490
108	490
126	490
138	490
143	490
149	490
152	490
158	490
167	490
183	490
188	490
198	490
204	490
213	490
219	490
234	490
238	490
259	490
260	490
276	490
279	490
290	490
295	490
299	490
315	490
347	490
352	490
373	490
379	490
390	490
407	490
416	490
429	490
433	490
437	490
462	490
464	490
488	490
489	490
11	491
15	491
21	491
29	491
35	491
43	491
48	491
50	491
65	491
85	491
95	491
119	491
122	491
124	491
137	491
141	491
146	491
159	491
173	491
192	491
195	491
205	491
209	491
219	491
223	491
246	491
252	491
260	491
263	491
274	491
283	491
288	491
299	491
305	491
307	491
310	491
311	491
340	491
342	491
343	491
354	491
360	491
361	491
364	491
367	491
370	491
377	491
385	491
402	491
425	491
432	491
437	491
438	491
441	491
443	491
447	491
451	491
455	491
472	491
484	491
15	492
28	492
32	492
45	492
59	492
61	492
75	492
84	492
86	492
98	492
99	492
108	492
118	492
134	492
136	492
144	492
154	492
171	492
186	492
187	492
195	492
197	492
198	492
199	492
200	492
215	492
220	492
221	492
222	492
242	492
269	492
272	492
278	492
321	492
323	492
333	492
347	492
352	492
356	492
371	492
384	492
387	492
404	492
405	492
410	492
476	492
490	492
491	492
15	493
22	493
24	493
44	493
48	493
59	493
74	493
79	493
81	493
98	493
101	493
107	493
108	493
111	493
115	493
139	493
144	493
155	493
163	493
165	493
166	493
190	493
202	493
212	493
213	493
218	493
224	493
228	493
264	493
306	493
311	493
327	493
342	493
355	493
362	493
366	493
373	493
410	493
413	493
439	493
445	493
456	493
457	493
477	493
488	493
492	493
2	494
21	494
23	494
26	494
32	494
34	494
46	494
52	494
63	494
64	494
99	494
100	494
105	494
113	494
119	494
120	494
128	494
137	494
145	494
154	494
158	494
165	494
172	494
196	494
198	494
207	494
213	494
219	494
230	494
235	494
243	494
244	494
255	494
289	494
291	494
309	494
315	494
318	494
350	494
371	494
372	494
379	494
385	494
389	494
392	494
403	494
412	494
424	494
432	494
433	494
446	494
447	494
449	494
458	494
477	494
488	494
3	495
6	495
11	495
14	495
20	495
32	495
38	495
49	495
79	495
80	495
88	495
97	495
106	495
124	495
126	495
140	495
143	495
176	495
182	495
186	495
194	495
203	495
223	495
229	495
244	495
251	495
260	495
270	495
279	495
310	495
316	495
326	495
329	495
353	495
357	495
399	495
406	495
423	495
443	495
456	495
472	495
474	495
477	495
490	495
2	496
3	496
30	496
46	496
59	496
67	496
72	496
87	496
93	496
95	496
100	496
102	496
110	496
111	496
154	496
161	496
168	496
173	496
195	496
213	496
223	496
233	496
247	496
254	496
263	496
325	496
336	496
338	496
346	496
348	496
350	496
353	496
359	496
364	496
371	496
383	496
395	496
403	496
434	496
436	496
454	496
456	496
472	496
473	496
493	496
8	497
9	497
67	497
69	497
77	497
84	497
85	497
86	497
88	497
89	497
105	497
108	497
114	497
147	497
150	497
157	497
172	497
197	497
201	497
202	497
205	497
217	497
227	497
230	497
239	497
249	497
253	497
260	497
268	497
280	497
294	497
303	497
314	497
329	497
331	497
344	497
376	497
384	497
387	497
388	497
402	497
442	497
464	497
475	497
481	497
489	497
491	497
4	498
12	498
25	498
30	498
49	498
63	498
67	498
76	498
107	498
121	498
128	498
130	498
133	498
135	498
142	498
146	498
154	498
159	498
163	498
166	498
168	498
185	498
199	498
201	498
208	498
230	498
232	498
248	498
251	498
252	498
269	498
272	498
275	498
298	498
302	498
310	498
318	498
341	498
356	498
372	498
381	498
402	498
403	498
407	498
418	498
430	498
441	498
444	498
462	498
472	498
478	498
483	498
14	499
15	499
27	499
33	499
45	499
68	499
70	499
81	499
83	499
95	499
104	499
115	499
117	499
136	499
138	499
144	499
154	499
165	499
177	499
178	499
201	499
212	499
220	499
221	499
260	499
262	499
266	499
275	499
283	499
284	499
298	499
306	499
319	499
322	499
330	499
352	499
361	499
373	499
412	499
418	499
430	499
432	499
444	499
464	499
485	499
490	499
495	499
497	499
23	500
26	500
28	500
42	500
48	500
74	500
94	500
99	500
110	500
115	500
117	500
118	500
127	500
137	500
166	500
169	500
170	500
187	500
192	500
197	500
208	500
209	500
210	500
217	500
223	500
232	500
246	500
252	500
256	500
288	500
292	500
296	500
300	500
323	500
334	500
344	500
349	500
350	500
368	500
375	500
383	500
385	500
394	500
404	500
411	500
415	500
437	500
438	500
439	500
444	500
447	500
450	500
458	500
460	500
466	500
481	500
485	500
493	500
496	500
