0	1	1
0	2	1
1	151	1
2	3	1
2	5	1
2	8	1
2	12	1
2	14	1
2	15	1
2	16	1
2	19	1
2	22	1
2	24	1
2	26	1
2	27	1
2	29	1
2	30	1
2	31	1
2	32	1
2	33	1
2	34	1
2	35	1
2	41	1
2	42	1
2	43	1
2	44	1
2	46	1
2	47	1
2	53	1
2	56	1
2	57	1
2	59	1
2	60	1
2	61	1
2	64	1
2	66	1
2	67	1
2	68	1
2	72	1
2	73	1
2	74	1
2	76	1
2	77	1
2	78	1
2	79	1
2	80	1
2	82	1
2	84	1
2	88	1
2	91	1
2	94	1
2	97	1
2	99	1
2	102	1
2	103	1
2	105	1
2	106	1
2	107	1
2	110	1
2	112	1
2	115	1
2	116	1
2	117	1
2	121	1
2	122	1
2	126	1
2	130	1
2	131	1
2	132	1
2	139	1
2	140	1
2	141	1
2	142	1
2	145	1
2	147	1
2	148	1
2	149	1
2	150	1
3	4	1
3	7	1
3	9	1
3	10	1
3	11	1
3	12	1
3	13	1
3	15	1
3	18	1
3	21	1
3	22	1
3	23	1
3	25	1
3	27	1
3	28	1
3	31	1
3	32	1
3	34	1
3	37	1
3	38	1
3	40	1
3	41	1
3	44	1
3	45	1
3	47	1
3	49	1
3	53	1
3	54	1
3	57	1
3	58	1
3	60	1
3	62	1
3	65	1
3	69	1
3	72	1
3	73	1
3	74	1
3	76	1
3	77	1
3	78	1
3	80	1
3	81	1
3	82	1
3	83	1
3	84	1
3	85	1
3	86	1
3	89	1
3	92	1
3	94	1
3	97	1
3	99	1
3	100	1
3	101	1
3	102	1
3	105	1
3	107	1
3	108	1
3	110	1
3	114	1
3	116	1
3	117	1
3	119	1
3	121	1
3	123	1
3	124	1
3	127	1
3	128	1
3	129	1
3	131	1
3	132	1
3	134	1
3	135	1
3	139	1
3	141	1
3	147	1
3	148	1
3	150	1
3	151	1
4	5	1
4	8	1
4	10	1
4	14	1
4	15	1
4	19	1
4	20	1
4	22	1
4	23	1
4	26	1
4	28	1
4	29	1
4	32	1
4	33	1
4	34	1
4	35	1
4	36	1
4	37	1
4	40	1
4	41	1
4	42	1
4	46	1
4	47	1
4	49	1
4	50	1
4	52	1
4	54	1
4	55	1
4	57	1
4	59	1
4	60	1
4	66	1
4	70	1
4	71	1
4	73	1
4	76	1
4	77	1
4	78	1
4	79	1
4	82	1
4	83	1
4	84	1
4	87	1
4	88	1
4	91	1
4	92	1
4	93	1
4	94	1
4	95	1
4	99	1
4	100	1
4	104	1
4	106	1
4	107	1
4	109	1
4	112	1
4	117	1
4	120	1
4	129	1
4	131	1
4	133	1
4	135	1
4	136	1
4	137	1
4	138	1
4	140	1
4	142	1
4	143	1
4	146	1
4	148	1
4	150	1
5	6	1
5	7	1
5	9	1
5	10	1
5	14	1
5	15	1
5	16	1
5	20	1
5	21	1
5	22	1
5	23	1
5	24	1
5	27	1
5	30	1
5	31	1
5	33	1
5	34	1
5	36	1
5	37	1
5	38	1
5	39	1
5	40	1
5	48	1
5	50	1
5	52	1
5	54	1
5	59	1
5	60	1
5	61	1
5	63	1
5	65	1
5	67	1
5	68	1
5	69	1
5	74	1
5	77	1
5	81	1
5	83	1
5	84	1
5	86	1
5	88	1
5	89	1
5	92	1
5	94	1
5	95	1
5	98	1
5	99	1
5	103	1
5	105	1
5	106	1
5	107	1
5	109	1
5	112	1
5	113	1
5	115	1
5	119	1
5	120	1
5	121	1
5	122	1
5	124	1
5	128	1
5	132	1
5	133	1
5	134	1
5	135	1
5	137	1
5	138	1
5	139	1
5	140	1
5	142	1
6	7	1
6	9	1
6	13	1
6	18	1
6	19	1
6	22	1
6	23	1
6	25	1
6	26	1
6	30	1
6	31	1
6	32	1
6	33	1
6	34	1
6	35	1
6	42	1
6	45	1
6	49	1
6	50	1
6	52	1
6	53	1
6	54	1
6	55	1
6	58	1
6	62	1
6	69	1
6	71	1
6	72	1
6	73	1
6	75	1
6	77	1
6	88	1
6	89	1
6	90	1
6	94	1
6	98	1
6	99	1
6	102	1
6	103	1
6	104	1
6	105	1
6	107	1
6	109	1
6	110	1
6	111	1
6	114	1
6	116	1
6	117	1
6	121	1
6	122	1
6	124	1
6	125	1
6	126	1
6	127	1
6	128	1
6	130	1
6	132	1
6	133	1
6	134	1
6	135	1
6	137	1
6	139	1
6	140	1
6	142	1
6	145	1
6	147	1
6	148	1
6	150	1
6	151	1
7	8	1
7	9	1
7	10	1
7	11	1
7	12	1
7	18	1
7	19	1
7	20	1
7	21	1
7	22	1
7	23	1
7	24	1
7	25	1
7	28	1
7	32	1
7	33	1
7	34	1
7	36	1
7	38	1
7	39	1
7	40	1
7	41	1
7	42	1
7	44	1
7	45	1
7	46	1
7	48	1
7	49	1
7	52	1
7	56	1
7	57	1
7	58	1
7	59	1
7	62	1
7	63	1
7	64	1
7	65	1
7	66	1
7	67	1
7	70	1
7	71	1
7	72	1
7	73	1
7	74	1
7	79	1
7	81	1
7	83	1
7	85	1
7	87	1
7	88	1
7	91	1
7	92	1
7	93	1
7	94	1
7	96	1
7	101	1
7	102	1
7	103	1
7	104	1
7	106	1
7	107	1
7	108	1
7	109	1
7	111	1
7	112	1
7	114	1
7	115	1
7	116	1
7	117	1
7	118	1
7	120	1
7	121	1
7	124	1
7	125	1
7	126	1
7	127	1
7	129	1
7	130	1
7	132	1
7	134	1
7	135	1
7	137	1
7	138	1
7	140	1
7	141	1
7	142	1
7	143	1
7	144	1
7	145	1
7	146	1
7	147	1
7	151	1
8	10	1
8	14	1
8	15	1
8	17	1
8	20	1
8	22	1
8	24	1
8	25	1
8	27	1
8	29	1
8	31	1
8	32	1
8	33	1
8	34	1
8	35	1
8	36	1
8	37	1
8	41	1
8	44	1
8	45	1
8	46	1
8	47	1
8	49	1
8	50	1
8	51	1
8	52	1
8	55	1
8	56	1
8	57	1
8	58	1
8	60	1
8	61	1
8	62	1
8	64	1
8	69	1
8	70	1
8	71	1
8	72	1
8	73	1
8	74	1
8	75	1
8	78	1
8	79	1
8	80	1
8	81	1
8	83	1
8	85	1
8	86	1
8	87	1
8	88	1
8	89	1
8	94	1
8	95	1
8	96	1
8	97	1
8	99	1
8	100	1
8	101	1
8	102	1
8	104	1
8	105	1
8	108	1
8	109	1
8	110	1
8	112	1
8	115	1
8	117	1
8	120	1
8	122	1
8	123	1
8	126	1
8	127	1
8	128	1
8	129	1
8	132	1
8	138	1
8	139	1
8	140	1
8	143	1
9	12	1
9	13	1
9	15	1
9	16	1
9	18	1
9	19	1
9	22	1
9	24	1
9	26	1
9	27	1
9	29	1
9	30	1
9	31	1
9	32	1
9	33	1
9	35	1
9	37	1
9	38	1
9	39	1
9	40	1
9	41	1
9	42	1
9	44	1
9	45	1
9	51	1
9	52	1
9	54	1
9	55	1
9	56	1
9	58	1
9	60	1
9	61	1
9	62	1
9	66	1
9	67	1
9	69	1
9	76	1
9	80	1
9	81	1
9	85	1
9	88	1
9	91	1
9	92	1
9	93	1
9	94	1
9	96	1
9	104	1
9	105	1
9	107	1
9	109	1
9	110	1
9	111	1
9	115	1
9	117	1
9	118	1
9	120	1
9	123	1
9	124	1
9	125	1
9	126	1
9	131	1
9	132	1
9	133	1
9	135	1
9	138	1
9	139	1
9	140	1
9	142	1
9	143	1
9	147	1
9	148	1
9	149	1
9	150	1
10	11	1
10	14	1
10	16	1
10	17	1
10	20	1
10	23	1
10	31	1
10	32	1
10	33	1
10	37	1
10	38	1
10	44	1
10	45	1
10	48	1
10	49	1
10	51	1
10	52	1
10	53	1
10	55	1
10	58	1
10	59	1
10	60	1
10	64	1
10	66	1
10	67	1
10	68	1
10	70	1
10	71	1
10	72	1
10	75	1
10	78	1
10	79	1
10	80	1
10	82	1
10	84	1
10	86	1
10	91	1
10	94	1
10	97	1
10	98	1
10	99	1
10	101	1
10	102	1
10	104	1
10	106	1
10	107	1
10	110	1
10	115	1
10	117	1
10	120	1
10	121	1
10	122	1
10	123	1
10	125	1
10	127	1
10	128	1
10	135	1
10	138	1
10	140	1
10	141	1
10	142	1
10	143	1
10	146	1
10	147	1
10	149	1
11	14	1
11	20	1
11	23	1
11	27	1
11	31	1
11	32	1
11	36	1
11	38	1
11	42	1
11	43	1
11	44	1
11	45	1
11	46	1
11	47	1
11	48	1
11	50	1
11	52	1
11	53	1
11	57	1
11	58	1
11	59	1
11	65	1
11	66	1
11	67	1
11	69	1
11	73	1
11	74	1
11	77	1
11	78	1
11	81	1
11	83	1
11	89	1
11	91	1
11	92	1
11	93	1
11	94	1
11	95	1
11	96	1
11	99	1
11	100	1
11	101	1
11	102	1
11	103	1
11	104	1
11	105	1
11	107	1
11	108	1
11	109	1
11	111	1
11	113	1
11	118	1
11	119	1
11	121	1
11	122	1
11	124	1
11	125	1
11	126	1
11	128	1
11	134	1
11	135	1
11	137	1
11	138	1
11	139	1
11	140	1
11	144	1
11	145	1
11	146	1
11	148	1
11	149	1
12	13	1
12	15	1
12	16	1
12	17	1
12	18	1
12	19	1
12	20	1
12	21	1
12	22	1
12	23	1
12	31	1
12	33	1
12	34	1
12	35	1
12	36	1
12	37	1
12	39	1
12	40	1
12	41	1
12	43	1
12	44	1
12	45	1
12	47	1
12	49	1
12	52	1
12	58	1
12	59	1
12	61	1
12	63	1
12	66	1
12	67	1
12	69	1
12	70	1
12	72	1
12	73	1
12	75	1
12	78	1
12	81	1
12	82	1
12	84	1
12	87	1
12	89	1
12	92	1
12	93	1
12	95	1
12	96	1
12	98	1
12	100	1
12	103	1
12	109	1
12	111	1
12	116	1
12	119	1
12	123	1
12	129	1
12	130	1
12	131	1
12	135	1
12	136	1
12	137	1
12	139	1
12	140	1
12	141	1
12	142	1
12	145	1
12	147	1
12	149	1
13	15	1
13	17	1
13	19	1
13	22	1
13	23	1
13	25	1
13	28	1
13	29	1
13	30	1
13	35	1
13	39	1
13	40	1
13	42	1
13	43	1
13	44	1
13	45	1
13	47	1
13	49	1
13	50	1
13	51	1
13	52	1
13	53	1
13	54	1
13	58	1
13	59	1
13	60	1
13	62	1
13	63	1
13	66	1
13	67	1
13	68	1
13	69	1
13	73	1
13	74	1
13	75	1
13	79	1
13	81	1
13	83	1
13	84	1
13	86	1
13	87	1
13	88	1
13	92	1
13	95	1
13	96	1
13	104	1
13	108	1
13	110	1
13	112	1
13	114	1
13	115	1
13	121	1
13	122	1
13	123	1
13	127	1
13	128	1
13	132	1
13	133	1
13	140	1
13	142	1
13	146	1
13	147	1
13	148	1
13	150	1
13	151	1
14	17	1
14	19	1
14	20	1
14	21	1
14	22	1
14	24	1
14	26	1
14	27	1
14	28	1
14	34	1
14	37	1
14	39	1
14	40	1
14	41	1
14	43	1
14	44	1
14	45	1
14	46	1
14	47	1
14	49	1
14	53	1
14	55	1
14	57	1
14	60	1
14	64	1
14	66	1
14	68	1
14	71	1
14	72	1
14	73	1
14	74	1
14	75	1
14	76	1
14	80	1
14	81	1
14	82	1
14	83	1
14	84	1
14	86	1
14	87	1
14	88	1
14	93	1
14	99	1
14	101	1
14	102	1
14	105	1
14	106	1
14	109	1
14	110	1
14	111	1
14	112	1
14	115	1
14	116	1
14	117	1
14	120	1
14	125	1
14	126	1
14	127	1
14	128	1
14	130	1
14	133	1
14	134	1
14	135	1
14	137	1
14	139	1
14	140	1
14	142	1
14	147	1
14	149	1
15	16	1
15	18	1
15	19	1
15	21	1
15	24	1
15	25	1
15	28	1
15	30	1
15	32	1
15	33	1
15	37	1
15	40	1
15	41	1
15	44	1
15	48	1
15	52	1
15	54	1
15	57	1
15	58	1
15	59	1
15	63	1
15	68	1
15	71	1
15	73	1
15	77	1
15	81	1
15	85	1
15	87	1
15	89	1
15	90	1
15	92	1
15	95	1
15	96	1
15	97	1
15	103	1
15	106	1
15	108	1
15	109	1
15	110	1
15	115	1
15	116	1
15	118	1
15	120	1
15	123	1
15	125	1
15	127	1
15	128	1
15	129	1
15	131	1
15	136	1
15	138	1
15	140	1
15	141	1
15	142	1
15	143	1
15	149	1
15	151	1
16	19	1
16	21	1
16	24	1
16	28	1
16	30	1
16	31	1
16	32	1
16	35	1
16	38	1
16	42	1
16	44	1
16	47	1
16	49	1
16	50	1
16	51	1
16	53	1
16	54	1
16	55	1
16	56	1
16	57	1
16	58	1
16	59	1
16	60	1
16	61	1
16	63	1
16	65	1
16	67	1
16	68	1
16	70	1
16	72	1
16	74	1
16	76	1
16	79	1
16	82	1
16	83	1
16	85	1
16	89	1
16	94	1
16	95	1
16	100	1
16	101	1
16	105	1
16	106	1
16	107	1
16	108	1
16	109	1
16	111	1
16	115	1
16	119	1
16	120	1
16	121	1
16	122	1
16	123	1
16	125	1
16	129	1
16	133	1
16	134	1
16	135	1
16	137	1
16	138	1
16	139	1
16	141	1
16	142	1
16	143	1
16	144	1
16	145	1
16	147	1
16	150	1
16	151	1
17	19	1
17	21	1
17	23	1
17	26	1
17	29	1
17	30	1
17	31	1
17	33	1
17	34	1
17	35	1
17	39	1
17	41	1
17	43	1
17	49	1
17	50	1
17	53	1
17	54	1
17	56	1
17	57	1
17	59	1
17	61	1
17	62	1
17	64	1
17	65	1
17	68	1
17	71	1
17	72	1
17	74	1
17	75	1
17	76	1
17	79	1
17	81	1
17	82	1
17	85	1
17	86	1
17	87	1
17	88	1
17	90	1
17	92	1
17	94	1
17	95	1
17	100	1
17	104	1
17	109	1
17	112	1
17	115	1
17	117	1
17	118	1
17	120	1
17	121	1
17	123	1
17	124	1
17	127	1
17	128	1
17	129	1
17	130	1
17	132	1
17	134	1
17	135	1
17	136	1
17	137	1
17	140	1
17	142	1
17	143	1
17	144	1
17	145	1
17	146	1
17	147	1
17	149	1
17	150	1
17	151	1
18	20	1
18	21	1
18	22	1
18	25	1
18	26	1
18	27	1
18	28	1
18	29	1
18	30	1
18	32	1
18	33	1
18	34	1
18	39	1
18	45	1
18	46	1
18	47	1
18	49	1
18	52	1
18	57	1
18	58	1
18	60	1
18	61	1
18	63	1
18	65	1
18	67	1
18	70	1
18	71	1
18	72	1
18	73	1
18	81	1
18	85	1
18	87	1
18	88	1
18	90	1
18	92	1
18	93	1
18	94	1
18	96	1
18	97	1
18	99	1
18	100	1
18	102	1
18	104	1
18	106	1
18	108	1
18	109	1
18	114	1
18	117	1
18	121	1
18	123	1
18	124	1
18	126	1
18	127	1
18	128	1
18	131	1
18	135	1
18	136	1
18	137	1
18	138	1
18	140	1
18	141	1
18	147	1
18	149	1
18	150	1
19	21	1
19	22	1
19	23	1
19	26	1
19	27	1
19	28	1
19	30	1
19	31	1
19	36	1
19	40	1
19	41	1
19	42	1
19	43	1
19	44	1
19	45	1
19	46	1
19	47	1
19	48	1
19	55	1
19	59	1
19	65	1
19	66	1
19	68	1
19	72	1
19	73	1
19	74	1
19	75	1
19	77	1
19	81	1
19	84	1
19	87	1
19	89	1
19	97	1
19	100	1
19	102	1
19	105	1
19	108	1
19	109	1
19	110	1
19	112	1
19	114	1
19	115	1
19	117	1
19	119	1
19	124	1
19	125	1
19	128	1
19	130	1
19	131	1
19	134	1
19	136	1
19	137	1
19	139	1
19	140	1
19	144	1
19	147	1
20	23	1
20	25	1
20	27	1
20	28	1
20	32	1
20	36	1
20	37	1
20	39	1
20	41	1
20	42	1
20	43	1
20	44	1
20	45	1
20	46	1
20	47	1
20	48	1
20	49	1
20	52	1
20	53	1
20	54	1
20	55	1
20	56	1
20	58	1
20	61	1
20	62	1
20	63	1
20	66	1
20	67	1
20	69	1
20	70	1
20	71	1
20	72	1
20	73	1
20	74	1
20	76	1
20	78	1
20	82	1
20	84	1
20	85	1
20	90	1
20	91	1
20	96	1
20	98	1
20	99	1
20	102	1
20	104	1
20	108	1
20	109	1
20	110	1
20	119	1
20	120	1
20	121	1
20	125	1
20	131	1
20	132	1
20	134	1
20	136	1
20	138	1
20	139	1
20	140	1
20	141	1
20	145	1
20	148	1
20	149	1
20	151	1
21	24	1
21	26	1
21	27	1
21	29	1
21	34	1
21	36	1
21	37	1
21	39	1
21	41	1
21	42	1
21	43	1
21	46	1
21	47	1
21	54	1
21	58	1
21	61	1
21	63	1
21	67	1
21	71	1
21	75	1
21	80	1
21	81	1
21	82	1
21	83	1
21	84	1
21	87	1
21	88	1
21	89	1
21	91	1
21	94	1
21	95	1
21	97	1
21	98	1
21	100	1
21	102	1
21	105	1
21	106	1
21	110	1
21	112	1
21	114	1
21	115	1
21	118	1
21	119	1
21	120	1
21	121	1
21	122	1
21	123	1
21	124	1
21	128	1
21	129	1
21	131	1
21	132	1
21	134	1
21	135	1
21	137	1
21	138	1
21	142	1
21	146	1
21	147	1
21	148	1
21	150	1
22	23	1
22	24	1
22	25	1
22	26	1
22	27	1
22	29	1
22	31	1
22	34	1
22	35	1
22	37	1
22	39	1
22	43	1
22	46	1
22	48	1
22	49	1
22	50	1
22	54	1
22	57	1
22	62	1
22	64	1
22	65	1
22	66	1
22	69	1
22	72	1
22	73	1
22	77	1
22	78	1
22	80	1
22	82	1
22	86	1
22	87	1
22	88	1
22	93	1
22	96	1
22	98	1
22	100	1
22	102	1
22	104	1
22	105	1
22	108	1
22	112	1
22	113	1
22	118	1
22	121	1
22	123	1
22	127	1
22	129	1
22	130	1
22	131	1
22	132	1
22	137	1
22	138	1
22	141	1
22	142	1
22	146	1
22	149	1
22	150	1
23	24	1
23	25	1
23	28	1
23	29	1
23	31	1
23	37	1
23	38	1
23	41	1
23	42	1
23	43	1
23	45	1
23	49	1
23	50	1
23	51	1
23	52	1
23	54	1
23	55	1
23	58	1
23	59	1
23	60	1
23	62	1
23	65	1
23	70	1
23	71	1
23	72	1
23	76	1
23	79	1
23	80	1
23	82	1
23	89	1
23	90	1
23	93	1
23	94	1
23	95	1
23	98	1
23	99	1
23	101	1
23	102	1
23	105	1
23	108	1
23	109	1
23	110	1
23	112	1
23	113	1
23	118	1
23	121	1
23	122	1
23	123	1
23	124	1
23	127	1
23	128	1
23	130	1
23	131	1
23	132	1
23	133	1
23	135	1
23	136	1
23	139	1
23	140	1
23	142	1
23	143	1
23	144	1
23	149	1
23	150	1
23	151	1
24	26	1
24	27	1
24	32	1
24	34	1
24	35	1
24	36	1
24	37	1
24	39	1
24	42	1
24	44	1
24	45	1
24	47	1
24	50	1
24	51	1
24	52	1
24	55	1
24	58	1
24	59	1
24	61	1
24	64	1
24	65	1
24	67	1
24	68	1
24	69	1
24	70	1
24	72	1
24	74	1
24	75	1
24	76	1
24	77	1
24	79	1
24	80	1
24	82	1
24	83	1
24	84	1
24	86	1
24	90	1
24	91	1
24	92	1
24	97	1
24	98	1
24	103	1
24	107	1
24	109	1
24	111	1
24	112	1
24	113	1
24	114	1
24	117	1
24	118	1
24	120	1
24	121	1
24	122	1
24	123	1
24	125	1
24	126	1
24	127	1
24	129	1
24	130	1
24	131	1
24	135	1
24	136	1
24	139	1
24	140	1
24	141	1
24	146	1
24	147	1
24	148	1
24	149	1
24	150	1
25	27	1
25	28	1
25	29	1
25	30	1
25	31	1
25	34	1
25	35	1
25	37	1
25	38	1
25	40	1
25	42	1
25	43	1
25	44	1
25	47	1
25	48	1
25	49	1
25	51	1
25	55	1
25	56	1
25	58	1
25	59	1
25	65	1
25	67	1
25	68	1
25	69	1
25	70	1
25	71	1
25	72	1
25	74	1
25	75	1
25	77	1
25	80	1
25	82	1
25	87	1
25	88	1
25	89	1
25	92	1
25	98	1
25	99	1
25	101	1
25	106	1
25	109	1
25	114	1
25	116	1
25	117	1
25	119	1
25	120	1
25	121	1
25	125	1
25	128	1
25	129	1
25	130	1
25	131	1
25	132	1
25	134	1
25	136	1
25	138	1
25	144	1
25	146	1
25	149	1
26	33	1
26	34	1
26	37	1
26	38	1
26	39	1
26	40	1
26	42	1
26	44	1
26	48	1
26	50	1
26	51	1
26	52	1
26	54	1
26	59	1
26	61	1
26	63	1
26	65	1
26	67	1
26	69	1
26	71	1
26	72	1
26	78	1
26	81	1
26	82	1
26	83	1
26	85	1
26	88	1
26	89	1
26	91	1
26	92	1
26	95	1
26	101	1
26	102	1
26	104	1
26	110	1
26	111	1
26	113	1
26	114	1
26	120	1
26	122	1
26	124	1
26	125	1
26	128	1
26	130	1
26	131	1
26	132	1
26	133	1
26	134	1
26	135	1
26	137	1
26	138	1
26	139	1
26	141	1
26	142	1
26	143	1
26	145	1
26	148	1
26	151	1
27	28	1
27	31	1
27	33	1
27	35	1
27	36	1
27	37	1
27	38	1
27	39	1
27	45	1
27	49	1
27	52	1
27	53	1
27	55	1
27	56	1
27	57	1
27	59	1
27	60	1
27	61	1
27	63	1
27	64	1
27	65	1
27	66	1
27	67	1
27	68	1
27	74	1
27	76	1
27	77	1
27	78	1
27	81	1
27	82	1
27	85	1
27	86	1
27	92	1
27	93	1
27	95	1
27	99	1
27	101	1
27	106	1
27	108	1
27	111	1
27	112	1
27	113	1
27	118	1
27	120	1
27	121	1
27	122	1
27	123	1
27	124	1
27	125	1
27	127	1
27	129	1
27	131	1
27	132	1
27	133	1
27	134	1
27	135	1
27	136	1
27	139	1
27	142	1
27	143	1
27	145	1
27	146	1
27	147	1
27	149	1
28	29	1
28	30	1
28	31	1
28	36	1
28	37	1
28	40	1
28	42	1
28	46	1
28	47	1
28	49	1
28	52	1
28	56	1
28	58	1
28	60	1
28	63	1
28	64	1
28	68	1
28	69	1
28	73	1
28	76	1
28	77	1
28	79	1
28	80	1
28	82	1
28	85	1
28	89	1
28	91	1
28	92	1
28	94	1
28	96	1
28	99	1
28	100	1
28	103	1
28	105	1
28	106	1
28	109	1
28	110	1
28	111	1
28	114	1
28	116	1
28	122	1
28	124	1
28	125	1
28	128	1
28	130	1
28	132	1
28	134	1
28	135	1
28	136	1
28	137	1
28	144	1
28	150	1
29	32	1
29	37	1
29	38	1
29	40	1
29	46	1
29	47	1
29	52	1
29	53	1
29	54	1
29	56	1
29	57	1
29	59	1
29	60	1
29	63	1
29	64	1
29	66	1
29	70	1
29	73	1
29	74	1
29	77	1
29	80	1
29	81	1
29	84	1
29	87	1
29	88	1
29	90	1
29	91	1
29	94	1
29	95	1
29	97	1
29	99	1
29	101	1
29	103	1
29	105	1
29	108	1
29	109	1
29	112	1
29	114	1
29	117	1
29	118	1
29	121	1
29	122	1
29	123	1
29	130	1
29	131	1
29	132	1
29	134	1
29	136	1
29	137	1
29	139	1
29	140	1
29	142	1
29	143	1
29	145	1
29	147	1
29	149	1
29	151	1
30	32	1
30	34	1
30	38	1
30	40	1
30	41	1
30	42	1
30	43	1
30	45	1
30	47	1
30	51	1
30	52	1
30	53	1
30	56	1
30	57	1
30	60	1
30	61	1
30	63	1
30	64	1
30	66	1
30	71	1
30	73	1
30	75	1
30	76	1
30	78	1
30	79	1
30	82	1
30	84	1
30	88	1
30	89	1
30	91	1
30	95	1
30	96	1
30	99	1
30	101	1
30	105	1
30	107	1
30	110	1
30	111	1
30	112	1
30	114	1
30	115	1
30	119	1
30	123	1
30	124	1
30	125	1
30	126	1
30	127	1
30	128	1
30	129	1
30	131	1
30	133	1
30	134	1
30	136	1
30	138	1
30	141	1
30	148	1
30	149	1
30	150	1
30	151	1
31	33	1
31	35	1
31	38	1
31	40	1
31	41	1
31	45	1
31	46	1
31	49	1
31	52	1
31	53	1
31	56	1
31	57	1
31	58	1
31	59	1
31	69	1
31	70	1
31	71	1
31	73	1
31	74	1
31	77	1
31	78	1
31	79	1
31	85	1
31	86	1
31	87	1
31	88	1
31	90	1
31	91	1
31	94	1
31	96	1
31	97	1
31	99	1
31	102	1
31	103	1
31	104	1
31	106	1
31	110	1
31	112	1
31	113	1
31	115	1
31	117	1
31	118	1
31	119	1
31	120	1
31	121	1
31	122	1
31	123	1
31	124	1
31	131	1
31	134	1
31	136	1
31	138	1
31	144	1
31	145	1
31	147	1
31	148	1
31	151	1
32	33	1
32	34	1
32	35	1
32	37	1
32	38	1
32	42	1
32	45	1
32	46	1
32	47	1
32	49	1
32	53	1
32	57	1
32	61	1
32	62	1
32	65	1
32	66	1
32	69	1
32	72	1
32	76	1
32	78	1
32	83	1
32	84	1
32	85	1
32	86	1
32	88	1
32	90	1
32	92	1
32	95	1
32	97	1
32	98	1
32	99	1
32	100	1
32	101	1
32	102	1
32	103	1
32	107	1
32	109	1
32	110	1
32	112	1
32	113	1
32	115	1
32	116	1
32	117	1
32	119	1
32	120	1
32	121	1
32	123	1
32	125	1
32	126	1
32	127	1
32	129	1
32	132	1
32	136	1
32	137	1
32	138	1
32	139	1
32	142	1
32	143	1
32	144	1
32	146	1
32	147	1
32	148	1
32	150	1
33	34	1
33	36	1
33	41	1
33	43	1
33	44	1
33	46	1
33	48	1
33	50	1
33	51	1
33	53	1
33	54	1
33	57	1
33	58	1
33	59	1
33	65	1
33	67	1
33	68	1
33	69	1
33	71	1
33	72	1
33	73	1
33	75	1
33	76	1
33	79	1
33	80	1
33	81	1
33	82	1
33	83	1
33	86	1
33	88	1
33	91	1
33	93	1
33	97	1
33	100	1
33	102	1
33	104	1
33	105	1
33	106	1
33	109	1
33	110	1
33	112	1
33	113	1
33	117	1
33	118	1
33	119	1
33	120	1
33	123	1
33	126	1
33	127	1
33	129	1
33	133	1
33	135	1
33	137	1
33	138	1
33	139	1
33	140	1
33	141	1
33	142	1
33	143	1
33	144	1
33	145	1
33	146	1
33	148	1
34	36	1
34	42	1
34	43	1
34	46	1
34	50	1
34	51	1
34	52	1
34	53	1
34	55	1
34	57	1
34	58	1
34	59	1
34	61	1
34	62	1
34	63	1
34	65	1
34	70	1
34	72	1
34	75	1
34	76	1
34	77	1
34	78	1
34	79	1
34	80	1
34	81	1
34	82	1
34	83	1
34	86	1
34	87	1
34	92	1
34	93	1
34	96	1
34	97	1
34	100	1
34	102	1
34	103	1
34	104	1
34	106	1
34	107	1
34	108	1
34	109	1
34	110	1
34	112	1
34	113	1
34	115	1
34	116	1
34	118	1
34	119	1
34	122	1
34	124	1
34	127	1
34	129	1
34	130	1
34	134	1
34	136	1
34	138	1
34	140	1
34	141	1
34	142	1
34	143	1
34	145	1
34	146	1
34	147	1
35	36	1
35	39	1
35	41	1
35	42	1
35	45	1
35	46	1
35	49	1
35	50	1
35	51	1
35	52	1
35	53	1
35	56	1
35	57	1
35	60	1
35	61	1
35	62	1
35	63	1
35	64	1
35	65	1
35	68	1
35	69	1
35	70	1
35	71	1
35	74	1
35	76	1
35	80	1
35	81	1
35	82	1
35	83	1
35	88	1
35	93	1
35	95	1
35	96	1
35	99	1
35	101	1
35	102	1
35	103	1
35	105	1
35	106	1
35	107	1
35	109	1
35	110	1
35	111	1
35	116	1
35	117	1
35	120	1
35	121	1
35	122	1
35	123	1
35	124	1
35	125	1
35	128	1
35	129	1
35	131	1
35	132	1
35	133	1
35	136	1
35	137	1
35	139	1
35	141	1
35	143	1
35	146	1
35	147	1
35	148	1
35	149	1
36	37	1
36	38	1
36	40	1
36	42	1
36	44	1
36	45	1
36	47	1
36	48	1
36	49	1
36	50	1
36	51	1
36	56	1
36	60	1
36	62	1
36	69	1
36	72	1
36	76	1
36	77	1
36	78	1
36	79	1
36	80	1
36	82	1
36	83	1
36	84	1
36	87	1
36	88	1
36	89	1
36	91	1
36	93	1
36	95	1
36	96	1
36	97	1
36	98	1
36	100	1
36	102	1
36	104	1
36	105	1
36	112	1
36	113	1
36	115	1
36	116	1
36	117	1
36	122	1
36	126	1
36	127	1
36	128	1
36	130	1
36	131	1
36	132	1
36	134	1
36	135	1
36	136	1
36	137	1
36	138	1
36	142	1
36	143	1
36	144	1
36	146	1
36	149	1
37	43	1
37	46	1
37	48	1
37	52	1
37	55	1
37	58	1
37	59	1
37	65	1
37	69	1
37	72	1
37	73	1
37	76	1
37	78	1
37	80	1
37	81	1
37	82	1
37	85	1
37	89	1
37	90	1
37	94	1
37	95	1
37	96	1
37	99	1
37	101	1
37	103	1
37	104	1
37	106	1
37	107	1
37	108	1
37	112	1
37	114	1
37	115	1
37	117	1
37	118	1
37	119	1
37	120	1
37	123	1
37	124	1
37	129	1
37	130	1
37	131	1
37	132	1
37	133	1
37	134	1
37	136	1
37	140	1
37	141	1
37	142	1
37	143	1
37	145	1
37	148	1
37	149	1
37	150	1
38	39	1
38	41	1
38	43	1
38	44	1
38	45	1
38	46	1
38	50	1
38	53	1
38	55	1
38	56	1
38	59	1
38	61	1
38	63	1
38	64	1
38	65	1
38	67	1
38	69	1
38	73	1
38	74	1
38	75	1
38	76	1
38	78	1
38	80	1
38	82	1
38	83	1
38	84	1
38	85	1
38	88	1
38	89	1
38	91	1
38	92	1
38	94	1
38	100	1
38	101	1
38	104	1
38	105	1
38	106	1
38	108	1
38	110	1
38	112	1
38	113	1
38	116	1
38	117	1
38	118	1
38	119	1
38	125	1
38	126	1
38	127	1
38	128	1
38	130	1
38	131	1
38	133	1
38	137	1
38	139	1
38	141	1
38	143	1
38	146	1
38	147	1
38	150	1
39	41	1
39	42	1
39	44	1
39	46	1
39	47	1
39	50	1
39	51	1
39	54	1
39	57	1
39	58	1
39	59	1
39	60	1
39	61	1
39	62	1
39	67	1
39	71	1
39	73	1
39	77	1
39	79	1
39	80	1
39	82	1
39	85	1
39	88	1
39	89	1
39	92	1
39	93	1
39	95	1
39	98	1
39	99	1
39	102	1
39	103	1
39	104	1
39	109	1
39	112	1
39	113	1
39	114	1
39	118	1
39	119	1
39	121	1
39	122	1
39	123	1
39	125	1
39	126	1
39	128	1
39	129	1
39	130	1
39	131	1
39	132	1
39	133	1
39	134	1
39	135	1
39	136	1
39	143	1
39	144	1
39	145	1
39	146	1
39	147	1
40	41	1
40	43	1
40	46	1
40	48	1
40	50	1
40	51	1
40	52	1
40	54	1
40	58	1
40	59	1
40	61	1
40	62	1
40	66	1
40	68	1
40	71	1
40	72	1
40	74	1
40	75	1
40	77	1
40	81	1
40	82	1
40	90	1
40	92	1
40	96	1
40	98	1
40	101	1
40	102	1
40	104	1
40	106	1
40	107	1
40	109	1
40	110	1
40	111	1
40	113	1
40	115	1
40	118	1
40	120	1
40	121	1
40	126	1
40	128	1
40	132	1
40	134	1
40	139	1
40	143	1
40	148	1
40	149	1
40	150	1
41	44	1
41	45	1
41	47	1
41	48	1
41	49	1
41	50	1
41	55	1
41	56	1
41	57	1
41	59	1
41	62	1
41	65	1
41	66	1
41	67	1
41	69	1
41	70	1
41	72	1
41	73	1
41	74	1
41	76	1
41	77	1
41	82	1
41	85	1
41	88	1
41	90	1
41	92	1
41	94	1
41	100	1
41	103	1
41	107	1
41	108	1
41	113	1
41	114	1
41	117	1
41	120	1
41	123	1
41	125	1
41	127	1
41	128	1
41	130	1
41	131	1
41	136	1
41	139	1
41	143	1
41	146	1
41	147	1
41	149	1
41	151	1
42	43	1
42	44	1
42	45	1
42	46	1
42	47	1
42	49	1
42	51	1
42	52	1
42	53	1
42	54	1
42	55	1
42	57	1
42	58	1
42	59	1
42	62	1
42	63	1
42	64	1
42	65	1
42	66	1
42	68	1
42	71	1
42	73	1
42	75	1
42	76	1
42	80	1
42	81	1
42	82	1
42	85	1
42	86	1
42	88	1
42	89	1
42	90	1
42	91	1
42	92	1
42	95	1
42	96	1
42	97	1
42	98	1
42	99	1
42	100	1
42	101	1
42	102	1
42	104	1
42	107	1
42	108	1
42	109	1
42	112	1
42	113	1
42	119	1
42	120	1
42	123	1
42	124	1
42	127	1
42	129	1
42	130	1
42	131	1
42	132	1
42	133	1
42	137	1
42	140	1
42	141	1
42	142	1
42	144	1
42	146	1
42	147	1
42	150	1
43	46	1
43	47	1
43	49	1
43	51	1
43	52	1
43	54	1
43	56	1
43	59	1
43	61	1
43	62	1
43	65	1
43	67	1
43	70	1
43	71	1
43	73	1
43	74	1
43	75	1
43	77	1
43	78	1
43	81	1
43	82	1
43	89	1
43	90	1
43	92	1
43	95	1
43	97	1
43	100	1
43	101	1
43	103	1
43	104	1
43	108	1
43	109	1
43	112	1
43	113	1
43	114	1
43	115	1
43	118	1
43	121	1
43	123	1
43	124	1
43	125	1
43	126	1
43	132	1
43	133	1
43	136	1
43	137	1
43	138	1
43	140	1
43	141	1
43	142	1
43	143	1
43	144	1
43	147	1
43	149	1
44	45	1
44	47	1
44	49	1
44	54	1
44	56	1
44	59	1
44	61	1
44	62	1
44	66	1
44	67	1
44	73	1
44	74	1
44	75	1
44	78	1
44	79	1
44	81	1
44	82	1
44	85	1
44	86	1
44	87	1
44	94	1
44	97	1
44	101	1
44	109	1
44	110	1
44	112	1
44	113	1
44	115	1
44	117	1
44	123	1
44	124	1
44	125	1
44	126	1
44	130	1
44	137	1
44	140	1
44	141	1
44	142	1
44	143	1
44	144	1
44	145	1
44	148	1
44	150	1
45	49	1
45	51	1
45	52	1
45	53	1
45	54	1
45	55	1
45	59	1
45	60	1
45	62	1
45	63	1
45	64	1
45	70	1
45	71	1
45	72	1
45	75	1
45	78	1
45	80	1
45	83	1
45	84	1
45	85	1
45	87	1
45	89	1
45	90	1
45	94	1
45	95	1
45	96	1
45	98	1
45	100	1
45	102	1
45	103	1
45	104	1
45	105	1
45	106	1
45	107	1
45	110	1
45	113	1
45	114	1
45	116	1
45	117	1
45	118	1
45	119	1
45	120	1
45	121	1
45	122	1
45	123	1
45	124	1
45	125	1
45	126	1
45	127	1
45	128	1
45	129	1
45	133	1
45	137	1
45	139	1
45	144	1
45	145	1
45	150	1
46	49	1
46	51	1
46	52	1
46	53	1
46	56	1
46	58	1
46	59	1
46	61	1
46	63	1
46	71	1
46	73	1
46	74	1
46	78	1
46	79	1
46	85	1
46	86	1
46	87	1
46	88	1
46	90	1
46	91	1
46	92	1
46	95	1
46	98	1
46	101	1
46	103	1
46	105	1
46	106	1
46	110	1
46	112	1
46	117	1
46	118	1
46	119	1
46	122	1
46	123	1
46	128	1
46	130	1
46	132	1
46	135	1
46	137	1
46	138	1
46	139	1
46	141	1
46	143	1
46	145	1
46	146	1
46	147	1
46	149	1
47	48	1
47	51	1
47	52	1
47	53	1
47	54	1
47	55	1
47	58	1
47	61	1
47	68	1
47	72	1
47	73	1
47	76	1
47	81	1
47	83	1
47	87	1
47	90	1
47	91	1
47	92	1
47	94	1
47	95	1
47	97	1
47	99	1
47	100	1
47	101	1
47	102	1
47	104	1
47	106	1
47	107	1
47	109	1
47	110	1
47	111	1
47	113	1
47	115	1
47	116	1
47	118	1
47	119	1
47	123	1
47	124	1
47	128	1
47	129	1
47	130	1
47	132	1
47	134	1
47	135	1
47	136	1
47	137	1
47	139	1
47	141	1
47	142	1
47	147	1
47	148	1
47	150	1
47	151	1
48	53	1
48	54	1
48	55	1
48	60	1
48	61	1
48	62	1
48	63	1
48	66	1
48	68	1
48	73	1
48	74	1
48	75	1
48	76	1
48	77	1
48	78	1
48	80	1
48	81	1
48	83	1
48	86	1
48	90	1
48	91	1
48	92	1
48	93	1
48	94	1
48	95	1
48	97	1
48	98	1
48	99	1
48	101	1
48	103	1
48	104	1
48	106	1
48	108	1
48	109	1
48	110	1
48	111	1
48	112	1
48	115	1
48	117	1
48	120	1
48	121	1
48	122	1
48	124	1
48	126	1
48	127	1
48	130	1
48	133	1
48	136	1
48	142	1
48	143	1
48	144	1
48	146	1
48	148	1
48	150	1
49	51	1
49	52	1
49	53	1
49	54	1
49	57	1
49	58	1
49	60	1
49	61	1
49	62	1
49	63	1
49	65	1
49	67	1
49	72	1
49	73	1
49	76	1
49	77	1
49	78	1
49	81	1
49	88	1
49	90	1
49	91	1
49	92	1
49	93	1
49	94	1
49	96	1
49	99	1
49	101	1
49	102	1
49	104	1
49	105	1
49	106	1
49	107	1
49	111	1
49	112	1
49	114	1
49	115	1
49	116	1
49	117	1
49	119	1
49	121	1
49	122	1
49	123	1
49	124	1
49	125	1
49	126	1
49	134	1
49	135	1
49	136	1
49	137	1
49	138	1
49	142	1
49	143	1
49	144	1
49	145	1
49	148	1
50	51	1
50	52	1
50	53	1
50	55	1
50	58	1
50	59	1
50	66	1
50	68	1
50	69	1
50	74	1
50	77	1
50	78	1
50	82	1
50	83	1
50	84	1
50	85	1
50	88	1
50	90	1
50	93	1
50	98	1
50	101	1
50	102	1
50	103	1
50	104	1
50	105	1
50	106	1
50	109	1
50	110	1
50	111	1
50	113	1
50	116	1
50	118	1
50	119	1
50	120	1
50	124	1
50	127	1
50	133	1
50	136	1
50	139	1
50	140	1
50	141	1
50	143	1
50	144	1
50	148	1
50	149	1
50	151	1
51	55	1
51	56	1
51	57	1
51	60	1
51	65	1
51	69	1
51	74	1
51	75	1
51	76	1
51	77	1
51	78	1
51	81	1
51	83	1
51	84	1
51	85	1
51	86	1
51	88	1
51	92	1
51	93	1
51	94	1
51	98	1
51	101	1
51	103	1
51	105	1
51	110	1
51	112	1
51	114	1
51	115	1
51	119	1
51	121	1
51	123	1
51	130	1
51	131	1
51	132	1
51	133	1
51	135	1
51	137	1
51	138	1
51	139	1
51	140	1
51	143	1
51	144	1
51	146	1
51	147	1
51	148	1
51	149	1
51	150	1
51	151	1
52	53	1
52	54	1
52	56	1
52	58	1
52	59	1
52	60	1
52	63	1
52	65	1
52	66	1
52	67	1
52	71	1
52	72	1
52	73	1
52	74	1
52	75	1
52	76	1
52	78	1
52	79	1
52	80	1
52	81	1
52	86	1
52	89	1
52	90	1
52	96	1
52	100	1
52	103	1
52	104	1
52	105	1
52	107	1
52	108	1
52	109	1
52	110	1
52	112	1
52	115	1
52	116	1
52	119	1
52	120	1
52	123	1
52	125	1
52	126	1
52	128	1
52	131	1
52	132	1
52	133	1
52	134	1
52	138	1
52	140	1
52	150	1
53	57	1
53	59	1
53	60	1
53	61	1
53	62	1
53	63	1
53	64	1
53	65	1
53	68	1
53	74	1
53	76	1
53	77	1
53	78	1
53	79	1
53	83	1
53	84	1
53	85	1
53	86	1
53	87	1
53	88	1
53	89	1
53	90	1
53	93	1
53	94	1
53	95	1
53	96	1
53	97	1
53	99	1
53	100	1
53	103	1
53	104	1
53	108	1
53	109	1
53	110	1
53	112	1
53	113	1
53	122	1
53	127	1
53	128	1
53	130	1
53	131	1
53	132	1
53	135	1
53	136	1
53	137	1
53	139	1
53	140	1
53	143	1
53	144	1
53	145	1
53	147	1
53	148	1
53	149	1
53	150	1
53	151	1
54	55	1
54	59	1
54	60	1
54	61	1
54	62	1
54	63	1
54	65	1
54	66	1
54	71	1
54	72	1
54	76	1
54	78	1
54	79	1
54	81	1
54	82	1
54	84	1
54	85	1
54	86	1
54	93	1
54	94	1
54	96	1
54	97	1
54	98	1
54	101	1
54	102	1
54	104	1
54	105	1
54	106	1
54	112	1
54	113	1
54	116	1
54	118	1
54	119	1
54	120	1
54	122	1
54	124	1
54	125	1
54	126	1
54	127	1
54	130	1
54	132	1
54	133	1
54	134	1
54	135	1
54	136	1
54	141	1
54	144	1
54	145	1
54	146	1
54	147	1
55	57	1
55	59	1
55	61	1
55	62	1
55	64	1
55	65	1
55	66	1
55	67	1
55	69	1
55	71	1
55	76	1
55	78	1
55	79	1
55	80	1
55	82	1
55	83	1
55	85	1
55	89	1
55	90	1
55	91	1
55	94	1
55	96	1
55	97	1
55	100	1
55	104	1
55	107	1
55	108	1
55	111	1
55	116	1
55	117	1
55	118	1
55	119	1
55	120	1
55	125	1
55	127	1
55	128	1
55	129	1
55	131	1
55	132	1
55	133	1
55	134	1
55	138	1
55	144	1
56	57	1
56	58	1
56	60	1
56	65	1
56	66	1
56	67	1
56	68	1
56	71	1
56	74	1
56	75	1
56	82	1
56	85	1
56	86	1
56	89	1
56	92	1
56	94	1
56	98	1
56	99	1
56	101	1
56	105	1
56	107	1
56	108	1
56	111	1
56	113	1
56	115	1
56	116	1
56	117	1
56	118	1
56	119	1
56	123	1
56	124	1
56	125	1
56	126	1
56	127	1
56	128	1
56	131	1
56	132	1
56	136	1
56	139	1
56	140	1
56	142	1
56	143	1
56	145	1
56	148	1
56	151	1
57	58	1
57	59	1
57	60	1
57	61	1
57	64	1
57	65	1
57	66	1
57	69	1
57	70	1
57	76	1
57	78	1
57	79	1
57	80	1
57	82	1
57	84	1
57	86	1
57	88	1
57	89	1
57	90	1
57	91	1
57	92	1
57	94	1
57	96	1
57	99	1
57	100	1
57	102	1
57	103	1
57	104	1
57	105	1
57	110	1
57	111	1
57	112	1
57	114	1
57	115	1
57	118	1
57	120	1
57	122	1
57	125	1
57	135	1
57	136	1
57	139	1
57	143	1
57	145	1
57	146	1
57	149	1
58	61	1
58	62	1
58	63	1
58	64	1
58	65	1
58	66	1
58	67	1
58	68	1
58	70	1
58	71	1
58	72	1
58	73	1
58	74	1
58	77	1
58	78	1
58	80	1
58	81	1
58	82	1
58	85	1
58	87	1
58	88	1
58	89	1
58	93	1
58	96	1
58	97	1
58	98	1
58	99	1
58	100	1
58	101	1
58	102	1
58	103	1
58	105	1
58	106	1
58	107	1
58	111	1
58	112	1
58	113	1
58	115	1
58	116	1
58	118	1
58	121	1
58	122	1
58	123	1
58	125	1
58	126	1
58	127	1
58	129	1
58	130	1
58	132	1
58	138	1
58	140	1
58	142	1
58	143	1
58	145	1
58	146	1
58	148	1
58	150	1
59	60	1
59	62	1
59	63	1
59	64	1
59	66	1
59	70	1
59	72	1
59	76	1
59	79	1
59	81	1
59	83	1
59	88	1
59	89	1
59	91	1
59	92	1
59	96	1
59	97	1
59	98	1
59	99	1
59	100	1
59	103	1
59	105	1
59	106	1
59	107	1
59	109	1
59	113	1
59	114	1
59	118	1
59	119	1
59	120	1
59	121	1
59	123	1
59	125	1
59	127	1
59	130	1
59	132	1
59	133	1
59	134	1
59	136	1
59	139	1
59	142	1
59	144	1
59	145	1
59	149	1
59	150	1
59	151	1
60	61	1
60	63	1
60	66	1
60	67	1
60	68	1
60	69	1
60	71	1
60	75	1
60	79	1
60	81	1
60	82	1
60	85	1
60	91	1
60	95	1
60	98	1
60	99	1
60	105	1
60	110	1
60	111	1
60	112	1
60	113	1
60	115	1
60	116	1
60	117	1
60	121	1
60	122	1
60	124	1
60	125	1
60	131	1
60	132	1
60	133	1
60	137	1
60	140	1
60	141	1
60	144	1
60	146	1
60	148	1
60	150	1
61	63	1
61	67	1
61	70	1
61	73	1
61	75	1
61	76	1
61	78	1
61	79	1
61	80	1
61	82	1
61	83	1
61	84	1
61	86	1
61	90	1
61	92	1
61	96	1
61	98	1
61	99	1
61	102	1
61	104	1
61	108	1
61	109	1
61	110	1
61	114	1
61	117	1
61	120	1
61	121	1
61	122	1
61	123	1
61	125	1
61	127	1
61	128	1
61	130	1
61	132	1
61	134	1
61	135	1
61	137	1
61	140	1
61	141	1
61	143	1
61	145	1
61	146	1
61	148	1
62	63	1
62	65	1
62	66	1
62	67	1
62	70	1
62	71	1
62	73	1
62	74	1
62	76	1
62	79	1
62	80	1
62	81	1
62	84	1
62	88	1
62	89	1
62	91	1
62	93	1
62	95	1
62	98	1
62	99	1
62	101	1
62	102	1
62	104	1
62	108	1
62	111	1
62	112	1
62	115	1
62	117	1
62	122	1
62	124	1
62	128	1
62	131	1
62	132	1
62	134	1
62	137	1
62	138	1
62	140	1
62	141	1
62	144	1
62	146	1
63	65	1
63	66	1
63	69	1
63	70	1
63	71	1
63	73	1
63	74	1
63	75	1
63	76	1
63	77	1
63	79	1
63	81	1
63	84	1
63	86	1
63	87	1
63	88	1
63	90	1
63	91	1
63	92	1
63	93	1
63	98	1
63	101	1
63	102	1
63	104	1
63	105	1
63	108	1
63	109	1
63	110	1
63	112	1
63	113	1
63	117	1
63	118	1
63	119	1
63	121	1
63	122	1
63	124	1
63	125	1
63	126	1
63	128	1
63	131	1
63	134	1
63	137	1
63	138	1
63	139	1
63	141	1
63	142	1
63	148	1
63	149	1
63	150	1
64	65	1
64	67	1
64	68	1
64	69	1
64	70	1
64	73	1
64	74	1
64	75	1
64	76	1
64	78	1
64	81	1
64	83	1
64	84	1
64	85	1
64	86	1
64	88	1
64	91	1
64	92	1
64	94	1
64	96	1
64	97	1
64	98	1
64	100	1
64	102	1
64	103	1
64	105	1
64	110	1
64	116	1
64	118	1
64	120	1
64	122	1
64	124	1
64	127	1
64	128	1
64	131	1
64	132	1
64	133	1
64	134	1
64	135	1
64	137	1
64	138	1
64	139	1
64	140	1
64	141	1
64	142	1
64	145	1
64	149	1
64	151	1
65	66	1
65	69	1
65	70	1
65	73	1
65	76	1
65	77	1
65	79	1
65	80	1
65	81	1
65	83	1
65	84	1
65	86	1
65	88	1
65	93	1
65	95	1
65	96	1
65	97	1
65	105	1
65	106	1
65	107	1
65	108	1
65	109	1
65	110	1
65	111	1
65	113	1
65	116	1
65	117	1
65	118	1
65	121	1
65	124	1
65	126	1
65	127	1
65	129	1
65	131	1
65	132	1
65	133	1
65	134	1
65	135	1
65	137	1
65	140	1
65	142	1
65	143	1
65	145	1
65	146	1
65	147	1
65	148	1
66	69	1
66	70	1
66	72	1
66	74	1
66	75	1
66	76	1
66	77	1
66	78	1
66	79	1
66	81	1
66	82	1
66	83	1
66	84	1
66	89	1
66	90	1
66	92	1
66	93	1
66	95	1
66	98	1
66	99	1
66	107	1
66	109	1
66	113	1
66	117	1
66	118	1
66	119	1
66	120	1
66	122	1
66	123	1
66	125	1
66	126	1
66	127	1
66	128	1
66	133	1
66	138	1
66	144	1
66	145	1
66	147	1
67	69	1
67	70	1
67	72	1
67	74	1
67	75	1
67	76	1
67	77	1
67	79	1
67	81	1
67	85	1
67	87	1
67	89	1
67	90	1
67	91	1
67	93	1
67	95	1
67	98	1
67	102	1
67	103	1
67	111	1
67	121	1
67	123	1
67	125	1
67	126	1
67	127	1
67	128	1
67	133	1
67	134	1
67	136	1
67	138	1
67	139	1
67	140	1
67	141	1
67	143	1
67	146	1
67	147	1
68	69	1
68	71	1
68	73	1
68	77	1
68	79	1
68	81	1
68	82	1
68	83	1
68	84	1
68	85	1
68	87	1
68	90	1
68	91	1
68	92	1
68	93	1
68	94	1
68	95	1
68	97	1
68	98	1
68	99	1
68	101	1
68	102	1
68	104	1
68	109	1
68	111	1
68	113	1
68	114	1
68	115	1
68	116	1
68	117	1
68	119	1
68	120	1
68	121	1
68	126	1
68	127	1
68	129	1
68	132	1
68	134	1
68	136	1
68	137	1
68	138	1
68	139	1
68	140	1
68	141	1
68	142	1
68	143	1
68	145	1
68	146	1
68	147	1
68	148	1
69	70	1
69	71	1
69	72	1
69	74	1
69	75	1
69	76	1
69	77	1
69	81	1
69	83	1
69	84	1
69	86	1
69	92	1
69	93	1
69	94	1
69	95	1
69	99	1
69	102	1
69	104	1
69	105	1
69	109	1
69	110	1
69	114	1
69	118	1
69	119	1
69	120	1
69	121	1
69	122	1
69	126	1
69	127	1
69	128	1
69	134	1
69	135	1
69	140	1
69	141	1
69	144	1
69	145	1
69	148	1
69	150	1
70	76	1
70	77	1
70	78	1
70	79	1
70	80	1
70	81	1
70	88	1
70	89	1
70	91	1
70	93	1
70	97	1
70	98	1
70	100	1
70	101	1
70	102	1
70	103	1
70	104	1
70	105	1
70	106	1
70	107	1
70	108	1
70	109	1
70	111	1
70	113	1
70	119	1
70	121	1
70	125	1
70	127	1
70	129	1
70	130	1
70	134	1
70	135	1
70	139	1
70	146	1
70	147	1
70	149	1
71	77	1
71	78	1
71	81	1
71	82	1
71	83	1
71	84	1
71	85	1
71	86	1
71	88	1
71	89	1
71	90	1
71	92	1
71	93	1
71	94	1
71	95	1
71	99	1
71	100	1
71	105	1
71	107	1
71	109	1
71	111	1
71	112	1
71	113	1
71	114	1
71	115	1
71	116	1
71	117	1
71	120	1
71	121	1
71	124	1
71	126	1
71	128	1
71	129	1
71	130	1
71	133	1
71	137	1
71	139	1
71	140	1
71	141	1
71	142	1
71	143	1
71	150	1
71	151	1
72	73	1
72	74	1
72	76	1
72	79	1
72	80	1
72	82	1
72	83	1
72	87	1
72	89	1
72	90	1
72	91	1
72	92	1
72	94	1
72	95	1
72	97	1
72	98	1
72	100	1
72	102	1
72	103	1
72	104	1
72	105	1
72	107	1
72	109	1
72	110	1
72	111	1
72	115	1
72	117	1
72	119	1
72	121	1
72	122	1
72	124	1
72	129	1
72	130	1
72	134	1
72	135	1
72	136	1
72	137	1
72	138	1
72	139	1
72	140	1
72	141	1
72	144	1
72	145	1
72	147	1
72	149	1
72	151	1
73	76	1
73	77	1
73	80	1
73	81	1
73	82	1
73	83	1
73	84	1
73	87	1
73	89	1
73	90	1
73	93	1
73	94	1
73	95	1
73	96	1
73	98	1
73	99	1
73	100	1
73	101	1
73	102	1
73	104	1
73	105	1
73	106	1
73	107	1
73	109	1
73	111	1
73	113	1
73	114	1
73	115	1
73	116	1
73	119	1
73	120	1
73	122	1
73	124	1
73	125	1
73	126	1
73	128	1
73	130	1
73	133	1
73	135	1
73	137	1
73	141	1
73	144	1
73	145	1
73	146	1
73	147	1
73	151	1
74	75	1
74	77	1
74	78	1
74	79	1
74	83	1
74	84	1
74	85	1
74	86	1
74	88	1
74	92	1
74	94	1
74	95	1
74	96	1
74	97	1
74	99	1
74	101	1
74	102	1
74	103	1
74	104	1
74	105	1
74	106	1
74	111	1
74	114	1
74	115	1
74	119	1
74	123	1
74	124	1
74	125	1
74	126	1
74	127	1
74	129	1
74	131	1
74	132	1
74	142	1
74	144	1
74	145	1
74	146	1
74	148	1
74	149	1
74	150	1
74	151	1
75	81	1
75	82	1
75	86	1
75	88	1
75	92	1
75	93	1
75	95	1
75	96	1
75	101	1
75	102	1
75	105	1
75	111	1
75	112	1
75	114	1
75	119	1
75	120	1
75	122	1
75	125	1
75	132	1
75	136	1
75	137	1
75	139	1
75	143	1
75	147	1
75	151	1
76	77	1
76	78	1
76	80	1
76	81	1
76	83	1
76	84	1
76	85	1
76	86	1
76	87	1
76	89	1
76	91	1
76	93	1
76	98	1
76	99	1
76	102	1
76	106	1
76	107	1
76	108	1
76	109	1
76	111	1
76	114	1
76	115	1
76	117	1
76	118	1
76	121	1
76	124	1
76	130	1
76	131	1
76	132	1
76	135	1
76	136	1
76	139	1
76	140	1
76	146	1
76	148	1
76	149	1
77	78	1
77	79	1
77	80	1
77	82	1
77	84	1
77	86	1
77	87	1
77	89	1
77	90	1
77	95	1
77	97	1
77	99	1
77	100	1
77	101	1
77	102	1
77	103	1
77	104	1
77	107	1
77	115	1
77	116	1
77	117	1
77	121	1
77	127	1
77	128	1
77	129	1
77	130	1
77	133	1
77	134	1
77	135	1
77	136	1
77	141	1
77	144	1
77	146	1
77	147	1
77	148	1
77	149	1
77	150	1
78	79	1
78	81	1
78	82	1
78	85	1
78	87	1
78	88	1
78	89	1
78	91	1
78	93	1
78	95	1
78	96	1
78	97	1
78	98	1
78	100	1
78	101	1
78	103	1
78	105	1
78	108	1
78	109	1
78	110	1
78	114	1
78	115	1
78	118	1
78	120	1
78	123	1
78	125	1
78	127	1
78	128	1
78	129	1
78	132	1
78	134	1
78	138	1
78	140	1
78	142	1
78	144	1
78	146	1
78	148	1
78	149	1
78	151	1
79	80	1
79	83	1
79	84	1
79	85	1
79	86	1
79	88	1
79	89	1
79	92	1
79	94	1
79	95	1
79	97	1
79	101	1
79	103	1
79	104	1
79	106	1
79	107	1
79	108	1
79	109	1
79	110	1
79	111	1
79	113	1
79	116	1
79	117	1
79	118	1
79	119	1
79	121	1
79	122	1
79	124	1
79	126	1
79	128	1
79	130	1
79	132	1
79	133	1
79	134	1
79	135	1
79	136	1
79	137	1
79	140	1
79	141	1
79	142	1
79	145	1
79	146	1
79	147	1
79	148	1
79	149	1
79	151	1
80	82	1
80	83	1
80	84	1
80	85	1
80	86	1
80	87	1
80	88	1
80	89	1
80	92	1
80	96	1
80	99	1
80	102	1
80	103	1
80	105	1
80	109	1
80	114	1
80	117	1
80	118	1
80	121	1
80	124	1
80	126	1
80	127	1
80	128	1
80	130	1
80	134	1
80	135	1
80	136	1
80	137	1
80	139	1
80	140	1
80	141	1
80	144	1
80	145	1
80	146	1
80	147	1
80	148	1
80	149	1
80	150	1
81	86	1
81	87	1
81	90	1
81	91	1
81	95	1
81	101	1
81	102	1
81	104	1
81	106	1
81	107	1
81	109	1
81	114	1
81	115	1
81	116	1
81	117	1
81	119	1
81	123	1
81	128	1
81	129	1
81	131	1
81	136	1
81	137	1
81	142	1
81	143	1
81	146	1
81	150	1
81	151	1
82	87	1
82	89	1
82	91	1
82	94	1
82	95	1
82	97	1
82	99	1
82	103	1
82	104	1
82	108	1
82	111	1
82	112	1
82	114	1
82	115	1
82	120	1
82	124	1
82	128	1
82	130	1
82	132	1
82	133	1
82	134	1
82	135	1
82	136	1
82	137	1
82	139	1
82	141	1
82	144	1
82	147	1
82	150	1
82	151	1
83	84	1
83	85	1
83	86	1
83	87	1
83	89	1
83	92	1
83	94	1
83	95	1
83	96	1
83	99	1
83	103	1
83	109	1
83	110	1
83	111	1
83	112	1
83	113	1
83	114	1
83	116	1
83	117	1
83	118	1
83	119	1
83	120	1
83	121	1
83	122	1
83	123	1
83	125	1
83	126	1
83	128	1
83	129	1
83	130	1
83	131	1
83	132	1
83	133	1
83	135	1
83	136	1
83	137	1
83	139	1
83	140	1
83	142	1
83	144	1
83	146	1
83	147	1
83	148	1
83	151	1
84	87	1
84	90	1
84	93	1
84	95	1
84	96	1
84	99	1
84	100	1
84	109	1
84	113	1
84	114	1
84	117	1
84	118	1
84	125	1
84	129	1
84	132	1
84	133	1
84	134	1
84	138	1
84	140	1
84	141	1
84	142	1
84	143	1
84	146	1
84	148	1
85	90	1
85	91	1
85	92	1
85	93	1
85	105	1
85	108	1
85	109	1
85	110	1
85	111	1
85	115	1
85	117	1
85	119	1
85	121	1
85	122	1
85	123	1
85	124	1
85	126	1
85	128	1
85	131	1
85	132	1
85	137	1
85	138	1
85	139	1
85	140	1
85	141	1
85	145	1
85	146	1
85	149	1
85	151	1
86	88	1
86	90	1
86	91	1
86	94	1
86	95	1
86	96	1
86	98	1
86	99	1
86	100	1
86	105	1
86	110	1
86	112	1
86	114	1
86	115	1
86	118	1
86	119	1
86	120	1
86	126	1
86	127	1
86	133	1
86	136	1
86	139	1
86	141	1
86	142	1
86	143	1
86	144	1
86	145	1
86	146	1
87	89	1
87	91	1
87	92	1
87	93	1
87	94	1
87	97	1
87	99	1
87	101	1
87	104	1
87	108	1
87	112	1
87	113	1
87	114	1
87	116	1
87	117	1
87	122	1
87	123	1
87	125	1
87	126	1
87	128	1
87	129	1
87	132	1
87	133	1
87	134	1
87	136	1
87	137	1
87	141	1
87	143	1
87	144	1
87	145	1
87	147	1
88	91	1
88	92	1
88	95	1
88	98	1
88	99	1
88	103	1
88	104	1
88	107	1
88	108	1
88	111	1
88	112	1
88	117	1
88	118	1
88	119	1
88	121	1
88	123	1
88	125	1
88	128	1
88	131	1
88	137	1
88	138	1
88	144	1
88	146	1
88	147	1
88	150	1
88	151	1
89	91	1
89	92	1
89	93	1
89	94	1
89	95	1
89	97	1
89	98	1
89	101	1
89	102	1
89	104	1
89	105	1
89	107	1
89	108	1
89	110	1
89	114	1
89	118	1
89	119	1
89	120	1
89	122	1
89	124	1
89	127	1
89	129	1
89	130	1
89	131	1
89	132	1
89	133	1
89	135	1
89	136	1
89	137	1
89	139	1
89	142	1
89	143	1
89	145	1
90	91	1
90	92	1
90	93	1
90	94	1
90	96	1
90	97	1
90	98	1
90	100	1
90	102	1
90	103	1
90	106	1
90	109	1
90	112	1
90	113	1
90	115	1
90	117	1
90	118	1
90	120	1
90	121	1
90	123	1
90	124	1
90	125	1
90	126	1
90	130	1
90	133	1
90	134	1
90	135	1
90	136	1
90	139	1
90	140	1
90	141	1
90	144	1
90	145	1
90	148	1
90	150	1
90	151	1
91	92	1
91	93	1
91	98	1
91	99	1
91	102	1
91	105	1
91	109	1
91	110	1
91	112	1
91	115	1
91	116	1
91	117	1
91	119	1
91	120	1
91	121	1
91	122	1
91	125	1
91	127	1
91	128	1
91	132	1
91	133	1
91	134	1
91	138	1
91	141	1
91	142	1
91	143	1
91	145	1
91	149	1
91	150	1
92	93	1
92	98	1
92	99	1
92	100	1
92	102	1
92	104	1
92	106	1
92	107	1
92	108	1
92	112	1
92	115	1
92	116	1
92	120	1
92	122	1
92	123	1
92	125	1
92	127	1
92	130	1
92	132	1
92	135	1
92	136	1
92	137	1
92	138	1
92	139	1
92	143	1
92	144	1
92	146	1
92	147	1
92	148	1
92	149	1
92	150	1
92	151	1
93	94	1
93	95	1
93	96	1
93	97	1
93	98	1
93	99	1
93	100	1
93	102	1
93	103	1
93	105	1
93	109	1
93	110	1
93	112	1
93	113	1
93	114	1
93	116	1
93	121	1
93	122	1
93	124	1
93	125	1
93	127	1
93	129	1
93	137	1
93	139	1
93	141	1
93	143	1
93	144	1
93	145	1
93	147	1
93	148	1
93	149	1
93	150	1
93	151	1
94	95	1
94	98	1
94	99	1
94	101	1
94	102	1
94	103	1
94	104	1
94	105	1
94	107	1
94	110	1
94	118	1
94	120	1
94	121	1
94	125	1
94	126	1
94	128	1
94	132	1
94	133	1
94	134	1
94	137	1
94	138	1
94	139	1
94	143	1
94	145	1
94	146	1
94	150	1
94	151	1
95	96	1
95	98	1
95	101	1
95	104	1
95	105	1
95	106	1
95	108	1
95	109	1
95	110	1
95	112	1
95	113	1
95	115	1
95	117	1
95	122	1
95	123	1
95	125	1
95	126	1
95	129	1
95	130	1
95	133	1
95	134	1
95	135	1
95	137	1
95	139	1
95	140	1
95	144	1
95	146	1
95	147	1
95	148	1
95	151	1
96	101	1
96	102	1
96	103	1
96	104	1
96	105	1
96	107	1
96	108	1
96	111	1
96	112	1
96	115	1
96	121	1
96	122	1
96	126	1
96	127	1
96	129	1
96	133	1
96	136	1
96	137	1
96	138	1
96	139	1
96	141	1
96	142	1
96	149	1
96	150	1
96	151	1
97	98	1
97	99	1
97	100	1
97	102	1
97	103	1
97	104	1
97	108	1
97	109	1
97	112	1
97	115	1
97	116	1
97	117	1
97	118	1
97	121	1
97	122	1
97	123	1
97	125	1
97	126	1
97	127	1
97	128	1
97	129	1
97	130	1
97	132	1
97	133	1
97	134	1
97	135	1
97	136	1
97	141	1
97	142	1
97	143	1
97	145	1
97	146	1
97	148	1
97	149	1
98	99	1
98	100	1
98	106	1
98	107	1
98	109	1
98	112	1
98	122	1
98	124	1
98	125	1
98	126	1
98	127	1
98	131	1
98	132	1
98	133	1
98	134	1
98	136	1
98	138	1
98	139	1
98	140	1
98	141	1
98	142	1
98	145	1
98	146	1
98	147	1
98	148	1
98	150	1
98	151	1
99	103	1
99	104	1
99	105	1
99	107	1
99	111	1
99	112	1
99	113	1
99	116	1
99	123	1
99	124	1
99	125	1
99	127	1
99	131	1
99	132	1
99	134	1
99	135	1
99	136	1
99	137	1
99	139	1
99	140	1
99	142	1
99	148	1
100	103	1
100	104	1
100	107	1
100	112	1
100	113	1
100	114	1
100	116	1
100	117	1
100	119	1
100	121	1
100	123	1
100	126	1
100	128	1
100	132	1
100	133	1
100	135	1
100	137	1
100	142	1
100	146	1
100	148	1
100	149	1
101	103	1
101	104	1
101	107	1
101	110	1
101	112	1
101	113	1
101	115	1
101	118	1
101	121	1
101	122	1
101	123	1
101	124	1
101	126	1
101	129	1
101	130	1
101	131	1
101	132	1
101	134	1
101	136	1
101	137	1
101	139	1
101	140	1
101	142	1
101	146	1
101	148	1
101	151	1
102	107	1
102	109	1
102	110	1
102	111	1
102	113	1
102	114	1
102	115	1
102	118	1
102	119	1
102	120	1
102	122	1
102	124	1
102	126	1
102	127	1
102	129	1
102	130	1
102	132	1
102	133	1
102	134	1
102	135	1
102	137	1
102	138	1
102	140	1
102	141	1
102	143	1
102	147	1
102	149	1
102	151	1
103	104	1
103	106	1
103	107	1
103	110	1
103	111	1
103	113	1
103	114	1
103	116	1
103	117	1
103	118	1
103	119	1
103	121	1
103	123	1
103	125	1
103	127	1
103	130	1
103	132	1
103	133	1
103	135	1
103	136	1
103	138	1
103	139	1
103	140	1
103	141	1
103	142	1
103	143	1
103	144	1
103	145	1
103	147	1
103	148	1
103	149	1
103	150	1
104	106	1
104	109	1
104	110	1
104	113	1
104	116	1
104	117	1
104	118	1
104	119	1
104	122	1
104	123	1
104	126	1
104	127	1
104	129	1
104	131	1
104	132	1
104	133	1
104	134	1
104	135	1
104	139	1
104	142	1
104	147	1
104	148	1
104	149	1
105	106	1
105	107	1
105	108	1
105	113	1
105	115	1
105	116	1
105	117	1
105	119	1
105	123	1
105	124	1
105	127	1
105	128	1
105	129	1
105	135	1
105	136	1
105	137	1
105	138	1
105	143	1
105	145	1
105	146	1
105	147	1
106	107	1
106	110	1
106	113	1
106	115	1
106	116	1
106	119	1
106	120	1
106	121	1
106	123	1
106	125	1
106	128	1
106	130	1
106	132	1
106	135	1
106	137	1
106	138	1
106	142	1
106	143	1
106	146	1
106	150	1
107	108	1
107	109	1
107	111	1
107	112	1
107	113	1
107	116	1
107	120	1
107	121	1
107	122	1
107	123	1
107	124	1
107	125	1
107	126	1
107	129	1
107	130	1
107	131	1
107	134	1
107	135	1
107	136	1
107	137	1
107	140	1
107	141	1
107	143	1
107	144	1
107	146	1
107	147	1
107	148	1
107	150	1
107	151	1
108	110	1
108	112	1
108	113	1
108	114	1
108	116	1
108	117	1
108	118	1
108	119	1
108	122	1
108	125	1
108	126	1
108	127	1
108	129	1
108	130	1
108	132	1
108	133	1
108	134	1
108	136	1
108	139	1
108	141	1
108	142	1
108	143	1
108	145	1
108	147	1
108	148	1
108	149	1
108	151	1
109	110	1
109	111	1
109	112	1
109	114	1
109	115	1
109	116	1
109	119	1
109	126	1
109	127	1
109	129	1
109	132	1
109	136	1
109	137	1
109	140	1
109	141	1
109	145	1
109	146	1
109	148	1
109	149	1
110	112	1
110	114	1
110	118	1
110	120	1
110	122	1
110	124	1
110	125	1
110	126	1
110	127	1
110	129	1
110	130	1
110	131	1
110	132	1
110	135	1
110	137	1
110	139	1
110	141	1
110	142	1
110	146	1
110	147	1
110	149	1
110	150	1
111	113	1
111	117	1
111	118	1
111	119	1
111	120	1
111	121	1
111	123	1
111	132	1
111	134	1
111	135	1
111	136	1
111	137	1
111	138	1
111	140	1
111	145	1
111	147	1
111	149	1
112	115	1
112	117	1
112	119	1
112	121	1
112	123	1
112	124	1
112	125	1
112	127	1
112	128	1
112	135	1
112	140	1
112	141	1
112	143	1
112	146	1
112	149	1
112	150	1
113	114	1
113	118	1
113	120	1
113	121	1
113	122	1
113	129	1
113	130	1
113	135	1
113	136	1
113	139	1
113	140	1
113	142	1
113	147	1
113	148	1
113	149	1
113	150	1
113	151	1
114	117	1
114	118	1
114	121	1
114	123	1
114	131	1
114	132	1
114	137	1
114	139	1
114	141	1
114	146	1
114	151	1
115	116	1
115	117	1
115	119	1
115	125	1
115	126	1
115	128	1
115	129	1
115	131	1
115	132	1
115	133	1
115	134	1
115	135	1
115	136	1
115	137	1
115	138	1
115	140	1
115	142	1
115	143	1
115	145	1
115	146	1
115	147	1
115	148	1
115	150	1
116	120	1
116	122	1
116	123	1
116	125	1
116	128	1
116	129	1
116	130	1
116	134	1
116	135	1
116	141	1
116	142	1
116	144	1
116	145	1
116	147	1
116	148	1
116	151	1
117	119	1
117	120	1
117	121	1
117	124	1
117	126	1
117	127	1
117	130	1
117	131	1
117	132	1
117	133	1
117	134	1
117	137	1
117	139	1
117	140	1
117	144	1
117	146	1
117	147	1
117	149	1
118	119	1
118	120	1
118	122	1
118	123	1
118	132	1
118	133	1
118	137	1
118	139	1
118	140	1
118	143	1
118	145	1
118	149	1
118	150	1
119	121	1
119	122	1
119	123	1
119	126	1
119	128	1
119	130	1
119	135	1
119	137	1
119	138	1
119	139	1
119	140	1
119	141	1
119	144	1
119	147	1
119	148	1
120	122	1
120	123	1
120	124	1
120	127	1
120	128	1
120	129	1
120	131	1
120	132	1
120	134	1
120	137	1
120	141	1
120	142	1
120	147	1
120	149	1
120	150	1
120	151	1
121	124	1
121	126	1
121	127	1
121	128	1
121	129	1
121	130	1
121	132	1
121	135	1
121	137	1
121	139	1
121	142	1
121	143	1
121	149	1
122	123	1
122	124	1
122	125	1
122	128	1
122	129	1
122	130	1
122	134	1
122	136	1
122	137	1
122	140	1
122	142	1
122	144	1
122	145	1
122	146	1
122	149	1
123	125	1
123	126	1
123	127	1
123	128	1
123	129	1
123	131	1
123	132	1
123	133	1
123	138	1
123	142	1
123	146	1
123	148	1
123	149	1
123	150	1
124	125	1
124	126	1
124	127	1
124	128	1
124	130	1
124	131	1
124	136	1
124	139	1
124	141	1
124	143	1
124	144	1
124	146	1
124	150	1
124	151	1
125	126	1
125	127	1
125	130	1
125	131	1
125	132	1
125	134	1
125	137	1
125	139	1
125	140	1
125	141	1
125	146	1
125	148	1
125	150	1
126	127	1
126	128	1
126	129	1
126	130	1
126	131	1
126	132	1
126	133	1
126	136	1
126	137	1
126	139	1
126	140	1
126	141	1
126	146	1
126	147	1
126	151	1
127	128	1
127	130	1
127	132	1
127	133	1
127	134	1
127	136	1
127	138	1
127	139	1
127	140	1
127	141	1
127	142	1
127	145	1
127	147	1
128	130	1
128	131	1
128	134	1
128	136	1
128	137	1
128	138	1
128	139	1
128	141	1
128	145	1
128	146	1
128	149	1
128	151	1
129	134	1
129	139	1
129	141	1
129	142	1
129	148	1
129	149	1
130	131	1
130	132	1
130	137	1
130	141	1
130	144	1
130	148	1
130	149	1
130	150	1
130	151	1
131	134	1
131	141	1
131	142	1
131	143	1
131	146	1
131	149	1
131	150	1
132	136	1
132	137	1
132	140	1
132	141	1
132	143	1
132	149	1
132	150	1
133	135	1
133	136	1
133	139	1
133	141	1
133	142	1
133	143	1
133	144	1
133	145	1
133	148	1
134	137	1
134	138	1
134	139	1
134	140	1
134	141	1
134	143	1
134	145	1
134	147	1
134	150	1
134	151	1
135	137	1
135	139	1
135	140	1
135	141	1
135	144	1
135	146	1
135	147	1
135	150	1
136	138	1
136	141	1
136	148	1
136	151	1
137	138	1
137	139	1
137	144	1
137	145	1
137	149	1
137	150	1
137	151	1
138	139	1
138	140	1
138	142	1
138	144	1
138	147	1
138	148	1
138	150	1
138	151	1
139	140	1
139	141	1
139	142	1
139	143	1
139	145	1
139	146	1
139	148	1
139	150	1
139	151	1
140	141	1
140	142	1
140	143	1
140	144	1
140	145	1
141	143	1
141	145	1
141	149	1
142	144	1
142	145	1
142	146	1
142	148	1
143	147	1
143	149	1
144	146	1
144	147	1
144	148	1
144	149	1
144	151	1
145	147	1
145	148	1
145	149	1
145	150	1
146	149	1
146	151	1
148	151	1
149	150	1
150	151	1
