0	1	1
0	11	1
1	88	1
2	3	1
2	5	1
2	8	1
2	10	1
2	16	1
2	18	1
2	21	1
2	22	1
2	26	1
2	27	1
2	30	1
2	31	1
2	34	1
2	35	1
2	36	1
2	37	1
2	39	1
2	41	1
2	43	1
2	44	1
2	47	1
2	49	1
2	50	1
2	57	1
2	60	1
2	61	1
2	62	1
2	64	1
2	66	1
2	67	1
2	68	1
2	69	1
2	71	1
2	72	1
2	75	1
2	76	1
2	81	1
2	82	1
2	83	1
2	85	1
2	86	1
2	87	1
3	4	1
3	7	1
3	15	1
3	16	1
3	18	1
3	19	1
3	26	1
3	28	1
3	32	1
3	34	1
3	35	1
3	37	1
3	39	1
3	43	1
3	44	1
3	45	1
3	48	1
3	49	1
3	51	1
3	52	1
3	55	1
3	56	1
3	57	1
3	58	1
3	61	1
3	62	1
3	66	1
3	68	1
3	70	1
3	71	1
3	72	1
3	73	1
3	76	1
3	82	1
3	83	1
3	84	1
4	5	1
4	7	1
4	9	1
4	10	1
4	12	1
4	14	1
4	16	1
4	17	1
4	18	1
4	20	1
4	22	1
4	23	1
4	29	1
4	31	1
4	32	1
4	34	1
4	35	1
4	41	1
4	44	1
4	47	1
4	48	1
4	53	1
4	54	1
4	58	1
4	59	1
4	60	1
4	65	1
4	69	1
4	71	1
4	72	1
4	73	1
4	75	1
4	78	1
4	79	1
4	80	1
4	81	1
4	82	1
4	83	1
4	84	1
4	88	1
5	6	1
5	7	1
5	8	1
5	10	1
5	13	1
5	18	1
5	20	1
5	21	1
5	22	1
5	23	1
5	24	1
5	25	1
5	27	1
5	31	1
5	35	1
5	37	1
5	38	1
5	39	1
5	43	1
5	44	1
5	46	1
5	51	1
5	53	1
5	57	1
5	58	1
5	62	1
5	69	1
5	72	1
5	76	1
5	79	1
5	81	1
5	82	1
5	85	1
6	7	1
6	13	1
6	14	1
6	15	1
6	17	1
6	18	1
6	22	1
6	23	1
6	24	1
6	25	1
6	27	1
6	32	1
6	34	1
6	35	1
6	37	1
6	40	1
6	41	1
6	43	1
6	44	1
6	45	1
6	49	1
6	50	1
6	52	1
6	53	1
6	54	1
6	55	1
6	56	1
6	57	1
6	62	1
6	67	1
6	68	1
6	70	1
6	71	1
6	75	1
6	76	1
6	77	1
6	78	1
6	80	1
6	81	1
6	84	1
6	85	1
6	87	1
7	8	1
7	10	1
7	12	1
7	14	1
7	15	1
7	16	1
7	17	1
7	18	1
7	22	1
7	23	1
7	24	1
7	26	1
7	29	1
7	33	1
7	34	1
7	38	1
7	40	1
7	43	1
7	44	1
7	47	1
7	48	1
7	49	1
7	50	1
7	52	1
7	53	1
7	55	1
7	56	1
7	64	1
7	65	1
7	66	1
7	67	1
7	72	1
7	73	1
7	74	1
7	75	1
7	76	1
7	79	1
7	80	1
7	81	1
7	85	1
7	88	1
8	10	1
8	14	1
8	17	1
8	19	1
8	20	1
8	22	1
8	24	1
8	25	1
8	26	1
8	28	1
8	30	1
8	31	1
8	35	1
8	36	1
8	37	1
8	38	1
8	40	1
8	43	1
8	45	1
8	48	1
8	52	1
8	53	1
8	54	1
8	55	1
8	59	1
8	60	1
8	61	1
8	62	1
8	63	1
8	64	1
8	65	1
8	66	1
8	68	1
8	69	1
8	70	1
8	71	1
8	73	1
8	74	1
8	76	1
8	77	1
8	79	1
8	80	1
8	81	1
8	83	1
8	86	1
8	87	1
8	88	1
9	10	1
9	12	1
9	13	1
9	15	1
9	16	1
9	18	1
9	19	1
9	21	1
9	22	1
9	24	1
9	25	1
9	26	1
9	27	1
9	28	1
9	31	1
9	33	1
9	34	1
9	35	1
9	39	1
9	40	1
9	42	1
9	43	1
9	44	1
9	46	1
9	48	1
9	49	1
9	52	1
9	53	1
9	54	1
9	60	1
9	61	1
9	62	1
9	63	1
9	64	1
9	71	1
9	72	1
9	73	1
9	77	1
9	80	1
9	82	1
9	85	1
9	86	1
9	87	1
9	88	1
10	14	1
10	22	1
10	26	1
10	28	1
10	34	1
10	35	1
10	36	1
10	37	1
10	38	1
10	42	1
10	43	1
10	45	1
10	48	1
10	53	1
10	55	1
10	58	1
10	63	1
10	64	1
10	65	1
10	68	1
10	70	1
10	72	1
10	73	1
10	76	1
10	78	1
10	80	1
10	81	1
10	82	1
10	83	1
10	84	1
10	85	1
10	87	1
10	88	1
11	12	1
11	13	1
11	19	1
11	20	1
11	23	1
11	25	1
11	27	1
11	29	1
11	31	1
11	33	1
11	34	1
11	38	1
11	39	1
11	40	1
11	41	1
11	42	1
11	46	1
11	48	1
11	50	1
11	55	1
11	56	1
11	58	1
11	59	1
11	65	1
11	68	1
11	69	1
11	70	1
11	71	1
11	74	1
11	76	1
11	77	1
11	78	1
11	79	1
11	83	1
12	14	1
12	15	1
12	16	1
12	18	1
12	19	1
12	20	1
12	21	1
12	22	1
12	24	1
12	26	1
12	28	1
12	29	1
12	30	1
12	33	1
12	34	1
12	35	1
12	38	1
12	39	1
12	40	1
12	41	1
12	43	1
12	44	1
12	45	1
12	47	1
12	49	1
12	50	1
12	53	1
12	55	1
12	56	1
12	57	1
12	58	1
12	60	1
12	61	1
12	62	1
12	65	1
12	67	1
12	70	1
12	71	1
12	74	1
12	75	1
12	77	1
12	78	1
12	81	1
12	82	1
12	83	1
13	14	1
13	15	1
13	19	1
13	24	1
13	26	1
13	27	1
13	29	1
13	32	1
13	33	1
13	34	1
13	36	1
13	40	1
13	41	1
13	42	1
13	43	1
13	44	1
13	48	1
13	51	1
13	55	1
13	56	1
13	58	1
13	59	1
13	60	1
13	61	1
13	69	1
13	71	1
13	75	1
13	76	1
13	80	1
13	81	1
13	84	1
13	85	1
13	88	1
14	15	1
14	19	1
14	20	1
14	22	1
14	26	1
14	27	1
14	30	1
14	33	1
14	34	1
14	36	1
14	40	1
14	41	1
14	42	1
14	43	1
14	46	1
14	49	1
14	51	1
14	54	1
14	55	1
14	57	1
14	58	1
14	59	1
14	62	1
14	63	1
14	64	1
14	67	1
14	69	1
14	71	1
14	72	1
14	74	1
14	79	1
14	81	1
14	82	1
14	83	1
14	84	1
14	85	1
14	87	1
15	18	1
15	19	1
15	20	1
15	23	1
15	26	1
15	27	1
15	28	1
15	29	1
15	32	1
15	34	1
15	37	1
15	42	1
15	45	1
15	46	1
15	48	1
15	51	1
15	52	1
15	56	1
15	57	1
15	58	1
15	59	1
15	60	1
15	61	1
15	62	1
15	66	1
15	67	1
15	68	1
15	71	1
15	75	1
15	77	1
15	79	1
15	80	1
15	82	1
15	84	1
15	88	1
16	20	1
16	21	1
16	25	1
16	28	1
16	29	1
16	32	1
16	35	1
16	36	1
16	37	1
16	43	1
16	46	1
16	47	1
16	49	1
16	51	1
16	53	1
16	55	1
16	56	1
16	57	1
16	59	1
16	60	1
16	61	1
16	62	1
16	69	1
16	73	1
16	74	1
16	75	1
16	77	1
16	80	1
16	82	1
16	84	1
17	19	1
17	20	1
17	21	1
17	25	1
17	26	1
17	28	1
17	30	1
17	31	1
17	33	1
17	35	1
17	36	1
17	37	1
17	38	1
17	40	1
17	42	1
17	43	1
17	48	1
17	50	1
17	52	1
17	53	1
17	55	1
17	56	1
17	59	1
17	60	1
17	61	1
17	62	1
17	65	1
17	67	1
17	69	1
17	71	1
17	73	1
17	74	1
17	76	1
17	78	1
17	81	1
17	83	1
17	87	1
17	88	1
18	20	1
18	22	1
18	24	1
18	27	1
18	28	1
18	29	1
18	30	1
18	31	1
18	32	1
18	34	1
18	35	1
18	36	1
18	38	1
18	41	1
18	42	1
18	48	1
18	53	1
18	54	1
18	56	1
18	58	1
18	59	1
18	62	1
18	64	1
18	65	1
18	67	1
18	68	1
18	69	1
18	70	1
18	72	1
18	74	1
18	75	1
18	76	1
18	78	1
18	80	1
18	82	1
18	83	1
18	84	1
18	85	1
18	86	1
19	20	1
19	22	1
19	24	1
19	25	1
19	27	1
19	29	1
19	36	1
19	39	1
19	41	1
19	42	1
19	45	1
19	46	1
19	47	1
19	48	1
19	49	1
19	50	1
19	52	1
19	54	1
19	55	1
19	56	1
19	57	1
19	58	1
19	59	1
19	60	1
19	61	1
19	62	1
19	65	1
19	66	1
19	67	1
19	69	1
19	70	1
19	71	1
19	74	1
19	80	1
19	85	1
19	88	1
20	23	1
20	27	1
20	29	1
20	31	1
20	32	1
20	33	1
20	35	1
20	42	1
20	43	1
20	45	1
20	46	1
20	53	1
20	58	1
20	59	1
20	62	1
20	63	1
20	69	1
20	70	1
20	71	1
20	72	1
20	73	1
20	74	1
20	75	1
20	76	1
20	77	1
20	78	1
20	86	1
20	88	1
21	22	1
21	25	1
21	29	1
21	32	1
21	34	1
21	37	1
21	41	1
21	43	1
21	46	1
21	49	1
21	51	1
21	52	1
21	56	1
21	58	1
21	59	1
21	60	1
21	61	1
21	62	1
21	63	1
21	64	1
21	68	1
21	69	1
21	71	1
21	73	1
21	76	1
21	78	1
21	79	1
21	80	1
21	82	1
21	83	1
21	85	1
21	86	1
21	87	1
21	88	1
22	26	1
22	30	1
22	34	1
22	36	1
22	38	1
22	39	1
22	41	1
22	42	1
22	43	1
22	45	1
22	47	1
22	50	1
22	52	1
22	56	1
22	57	1
22	59	1
22	60	1
22	62	1
22	63	1
22	65	1
22	66	1
22	68	1
22	73	1
22	76	1
22	78	1
22	79	1
22	80	1
22	81	1
22	82	1
22	83	1
22	85	1
22	86	1
22	88	1
23	24	1
23	25	1
23	27	1
23	29	1
23	31	1
23	32	1
23	34	1
23	35	1
23	38	1
23	40	1
23	44	1
23	46	1
23	51	1
23	53	1
23	54	1
23	56	1
23	58	1
23	61	1
23	62	1
23	65	1
23	66	1
23	67	1
23	72	1
23	74	1
23	76	1
23	79	1
23	80	1
23	81	1
23	82	1
23	83	1
23	85	1
23	88	1
24	25	1
24	29	1
24	30	1
24	31	1
24	32	1
24	34	1
24	35	1
24	36	1
24	39	1
24	42	1
24	46	1
24	47	1
24	49	1
24	51	1
24	54	1
24	55	1
24	56	1
24	57	1
24	60	1
24	61	1
24	62	1
24	68	1
24	69	1
24	70	1
24	72	1
24	73	1
24	75	1
24	78	1
24	82	1
24	83	1
24	85	1
24	86	1
24	87	1
25	27	1
25	31	1
25	34	1
25	36	1
25	37	1
25	40	1
25	43	1
25	44	1
25	45	1
25	46	1
25	47	1
25	48	1
25	49	1
25	50	1
25	53	1
25	54	1
25	56	1
25	57	1
25	61	1
25	63	1
25	66	1
25	68	1
25	69	1
25	70	1
25	73	1
25	76	1
25	78	1
25	81	1
25	84	1
25	86	1
25	87	1
26	27	1
26	28	1
26	29	1
26	31	1
26	32	1
26	33	1
26	37	1
26	40	1
26	43	1
26	46	1
26	49	1
26	51	1
26	54	1
26	55	1
26	59	1
26	60	1
26	63	1
26	68	1
26	70	1
26	71	1
26	75	1
26	80	1
26	81	1
26	83	1
26	86	1
27	28	1
27	35	1
27	37	1
27	38	1
27	39	1
27	40	1
27	43	1
27	46	1
27	48	1
27	49	1
27	51	1
27	52	1
27	53	1
27	55	1
27	56	1
27	57	1
27	58	1
27	59	1
27	62	1
27	63	1
27	64	1
27	69	1
27	70	1
27	73	1
27	76	1
27	78	1
27	79	1
27	80	1
27	82	1
27	83	1
27	87	1
27	88	1
28	34	1
28	35	1
28	41	1
28	45	1
28	46	1
28	47	1
28	49	1
28	51	1
28	53	1
28	54	1
28	56	1
28	61	1
28	62	1
28	68	1
28	78	1
28	79	1
28	81	1
28	82	1
28	83	1
28	84	1
28	85	1
28	86	1
28	87	1
29	31	1
29	32	1
29	35	1
29	39	1
29	42	1
29	44	1
29	45	1
29	46	1
29	47	1
29	49	1
29	51	1
29	53	1
29	58	1
29	59	1
29	60	1
29	62	1
29	63	1
29	64	1
29	65	1
29	66	1
29	67	1
29	69	1
29	70	1
29	71	1
29	74	1
29	75	1
29	76	1
29	79	1
29	80	1
29	81	1
29	82	1
29	86	1
29	88	1
30	32	1
30	33	1
30	34	1
30	38	1
30	40	1
30	41	1
30	42	1
30	43	1
30	46	1
30	47	1
30	49	1
30	53	1
30	55	1
30	57	1
30	62	1
30	69	1
30	70	1
30	73	1
30	74	1
30	75	1
30	76	1
30	78	1
30	80	1
30	85	1
30	86	1
30	87	1
30	88	1
31	39	1
31	41	1
31	44	1
31	46	1
31	49	1
31	50	1
31	51	1
31	55	1
31	60	1
31	62	1
31	64	1
31	67	1
31	70	1
31	72	1
31	73	1
31	76	1
31	77	1
31	78	1
31	82	1
31	83	1
31	85	1
31	87	1
31	88	1
32	33	1
32	34	1
32	35	1
32	36	1
32	40	1
32	42	1
32	46	1
32	47	1
32	48	1
32	49	1
32	50	1
32	51	1
32	52	1
32	53	1
32	54	1
32	57	1
32	59	1
32	60	1
32	61	1
32	62	1
32	64	1
32	65	1
32	67	1
32	68	1
32	69	1
32	70	1
32	71	1
32	72	1
32	73	1
32	74	1
32	75	1
32	76	1
32	79	1
32	80	1
32	82	1
32	83	1
32	85	1
32	86	1
32	88	1
33	37	1
33	38	1
33	39	1
33	41	1
33	46	1
33	47	1
33	50	1
33	52	1
33	54	1
33	55	1
33	56	1
33	57	1
33	58	1
33	59	1
33	61	1
33	62	1
33	63	1
33	65	1
33	68	1
33	70	1
33	72	1
33	73	1
33	77	1
33	80	1
33	81	1
33	82	1
33	83	1
33	85	1
33	86	1
34	37	1
34	38	1
34	41	1
34	43	1
34	50	1
34	52	1
34	54	1
34	58	1
34	60	1
34	61	1
34	63	1
34	64	1
34	67	1
34	69	1
34	71	1
34	73	1
34	74	1
34	75	1
34	76	1
34	77	1
34	79	1
34	83	1
34	85	1
34	86	1
34	87	1
34	88	1
35	36	1
35	37	1
35	39	1
35	40	1
35	48	1
35	49	1
35	51	1
35	54	1
35	57	1
35	59	1
35	61	1
35	62	1
35	63	1
35	66	1
35	69	1
35	70	1
35	72	1
35	73	1
35	74	1
35	76	1
35	79	1
35	81	1
35	83	1
35	84	1
35	88	1
36	37	1
36	40	1
36	45	1
36	46	1
36	47	1
36	49	1
36	50	1
36	53	1
36	56	1
36	57	1
36	58	1
36	59	1
36	60	1
36	62	1
36	65	1
36	66	1
36	67	1
36	69	1
36	71	1
36	72	1
36	73	1
36	78	1
36	79	1
36	80	1
36	81	1
36	82	1
36	85	1
36	86	1
37	38	1
37	39	1
37	41	1
37	43	1
37	44	1
37	47	1
37	48	1
37	49	1
37	52	1
37	56	1
37	58	1
37	61	1
37	62	1
37	63	1
37	65	1
37	66	1
37	68	1
37	69	1
37	70	1
37	74	1
37	76	1
37	78	1
37	83	1
37	84	1
37	85	1
37	86	1
37	87	1
37	88	1
38	42	1
38	47	1
38	50	1
38	53	1
38	60	1
38	62	1
38	65	1
38	67	1
38	70	1
38	71	1
38	72	1
38	73	1
38	78	1
38	79	1
38	81	1
38	83	1
38	84	1
38	87	1
38	88	1
39	40	1
39	41	1
39	44	1
39	46	1
39	47	1
39	48	1
39	49	1
39	50	1
39	51	1
39	53	1
39	54	1
39	56	1
39	58	1
39	59	1
39	62	1
39	63	1
39	67	1
39	68	1
39	72	1
39	74	1
39	75	1
39	76	1
39	78	1
39	79	1
39	82	1
39	83	1
39	84	1
39	86	1
40	41	1
40	46	1
40	47	1
40	48	1
40	49	1
40	51	1
40	52	1
40	53	1
40	55	1
40	59	1
40	60	1
40	62	1
40	66	1
40	67	1
40	68	1
40	71	1
40	72	1
40	73	1
40	75	1
40	76	1
40	78	1
40	79	1
40	80	1
40	81	1
40	82	1
40	83	1
40	85	1
40	87	1
40	88	1
41	42	1
41	43	1
41	46	1
41	47	1
41	53	1
41	54	1
41	55	1
41	56	1
41	57	1
41	58	1
41	59	1
41	62	1
41	63	1
41	64	1
41	65	1
41	66	1
41	67	1
41	70	1
41	71	1
41	73	1
41	74	1
41	81	1
41	83	1
41	85	1
41	86	1
41	87	1
41	88	1
42	43	1
42	44	1
42	45	1
42	46	1
42	47	1
42	50	1
42	51	1
42	56	1
42	60	1
42	61	1
42	62	1
42	65	1
42	66	1
42	67	1
42	68	1
42	69	1
42	71	1
42	72	1
42	73	1
42	76	1
42	78	1
42	80	1
42	82	1
42	83	1
42	85	1
43	45	1
43	46	1
43	50	1
43	55	1
43	56	1
43	57	1
43	60	1
43	67	1
43	68	1
43	70	1
43	72	1
43	77	1
43	78	1
43	79	1
43	81	1
43	82	1
43	83	1
44	46	1
44	51	1
44	54	1
44	56	1
44	59	1
44	60	1
44	61	1
44	63	1
44	65	1
44	68	1
44	74	1
44	75	1
44	77	1
44	79	1
44	80	1
44	81	1
44	84	1
44	85	1
44	86	1
44	88	1
45	46	1
45	48	1
45	50	1
45	52	1
45	53	1
45	54	1
45	55	1
45	56	1
45	57	1
45	58	1
45	60	1
45	62	1
45	64	1
45	71	1
45	72	1
45	75	1
45	76	1
45	78	1
45	79	1
45	82	1
45	83	1
45	85	1
45	86	1
45	88	1
46	48	1
46	50	1
46	51	1
46	52	1
46	54	1
46	55	1
46	56	1
46	59	1
46	63	1
46	64	1
46	67	1
46	72	1
46	73	1
46	74	1
46	76	1
46	79	1
46	85	1
46	87	1
46	88	1
47	49	1
47	50	1
47	51	1
47	52	1
47	59	1
47	60	1
47	61	1
47	62	1
47	66	1
47	68	1
47	69	1
47	71	1
47	74	1
47	76	1
47	77	1
47	83	1
47	85	1
48	51	1
48	54	1
48	55	1
48	56	1
48	59	1
48	60	1
48	61	1
48	63	1
48	67	1
48	68	1
48	69	1
48	70	1
48	72	1
48	76	1
48	77	1
48	78	1
48	79	1
48	83	1
48	85	1
48	86	1
48	87	1
49	52	1
49	54	1
49	55	1
49	57	1
49	58	1
49	60	1
49	61	1
49	64	1
49	69	1
49	70	1
49	71	1
49	72	1
49	79	1
49	80	1
49	83	1
49	84	1
49	86	1
49	88	1
50	51	1
50	53	1
50	56	1
50	57	1
50	58	1
50	59	1
50	61	1
50	64	1
50	66	1
50	72	1
50	73	1
50	74	1
50	75	1
50	76	1
50	78	1
50	80	1
50	81	1
50	82	1
50	83	1
50	84	1
50	86	1
50	88	1
51	52	1
51	54	1
51	55	1
51	57	1
51	58	1
51	59	1
51	61	1
51	62	1
51	67	1
51	68	1
51	71	1
51	72	1
51	74	1
51	76	1
51	78	1
51	79	1
51	83	1
51	84	1
52	54	1
52	55	1
52	58	1
52	60	1
52	64	1
52	65	1
52	73	1
52	74	1
52	76	1
52	77	1
52	78	1
52	79	1
52	82	1
52	83	1
52	86	1
52	88	1
53	54	1
53	55	1
53	57	1
53	59	1
53	61	1
53	62	1
53	63	1
53	65	1
53	68	1
53	69	1
53	70	1
53	71	1
53	74	1
53	75	1
53	76	1
53	79	1
53	80	1
53	85	1
53	88	1
54	56	1
54	57	1
54	58	1
54	59	1
54	60	1
54	61	1
54	64	1
54	65	1
54	66	1
54	67	1
54	69	1
54	71	1
54	73	1
54	76	1
54	79	1
54	84	1
54	85	1
54	86	1
54	88	1
55	56	1
55	59	1
55	62	1
55	65	1
55	68	1
55	69	1
55	70	1
55	72	1
55	73	1
55	74	1
55	75	1
55	77	1
55	80	1
55	83	1
55	84	1
55	85	1
55	87	1
56	60	1
56	61	1
56	63	1
56	65	1
56	66	1
56	67	1
56	71	1
56	73	1
56	74	1
56	76	1
56	77	1
56	81	1
56	82	1
56	84	1
56	87	1
57	59	1
57	64	1
57	65	1
57	69	1
57	71	1
57	77	1
57	80	1
57	81	1
57	82	1
57	83	1
57	87	1
57	88	1
58	59	1
58	61	1
58	62	1
58	64	1
58	65	1
58	67	1
58	68	1
58	74	1
58	76	1
58	79	1
58	80	1
58	81	1
58	85	1
58	87	1
59	60	1
59	61	1
59	62	1
59	65	1
59	66	1
59	69	1
59	70	1
59	72	1
59	73	1
59	74	1
59	75	1
59	78	1
59	79	1
59	80	1
59	81	1
59	85	1
59	86	1
59	88	1
60	62	1
60	63	1
60	68	1
60	72	1
60	74	1
60	77	1
60	78	1
60	80	1
60	81	1
60	82	1
60	84	1
60	85	1
60	86	1
60	88	1
61	62	1
61	63	1
61	64	1
61	65	1
61	67	1
61	68	1
61	71	1
61	72	1
61	75	1
61	77	1
61	79	1
61	80	1
61	83	1
61	86	1
61	87	1
61	88	1
62	66	1
62	68	1
62	69	1
62	70	1
62	71	1
62	72	1
62	76	1
62	78	1
62	80	1
62	81	1
62	82	1
62	83	1
63	65	1
63	66	1
63	67	1
63	70	1
63	74	1
63	77	1
63	80	1
63	82	1
63	83	1
63	84	1
63	85	1
64	66	1
64	68	1
64	69	1
64	72	1
64	73	1
64	74	1
64	75	1
64	77	1
64	78	1
64	79	1
64	81	1
64	82	1
64	84	1
64	85	1
64	88	1
65	66	1
65	69	1
65	70	1
65	76	1
65	77	1
65	78	1
65	79	1
65	80	1
65	81	1
65	82	1
65	84	1
65	88	1
66	68	1
66	70	1
66	71	1
66	74	1
66	75	1
66	77	1
66	82	1
66	83	1
66	84	1
66	86	1
66	87	1
67	68	1
67	72	1
67	74	1
67	75	1
67	77	1
67	81	1
67	82	1
67	85	1
67	87	1
67	88	1
68	69	1
68	70	1
68	71	1
68	73	1
68	75	1
68	77	1
68	79	1
68	81	1
68	83	1
68	85	1
68	86	1
68	88	1
69	70	1
69	72	1
69	74	1
69	77	1
69	78	1
69	80	1
69	81	1
69	82	1
69	83	1
69	84	1
69	85	1
69	87	1
69	88	1
70	71	1
70	72	1
70	74	1
70	80	1
70	82	1
70	83	1
70	84	1
70	85	1
70	87	1
70	88	1
71	73	1
71	74	1
71	76	1
71	78	1
71	80	1
71	81	1
71	83	1
71	84	1
71	88	1
72	73	1
72	74	1
72	75	1
72	77	1
72	78	1
72	80	1
72	81	1
72	82	1
72	84	1
72	85	1
72	87	1
72	88	1
73	74	1
73	75	1
73	78	1
73	79	1
73	80	1
73	81	1
73	82	1
73	85	1
73	86	1
73	88	1
74	77	1
74	80	1
74	82	1
74	86	1
74	88	1
75	79	1
75	80	1
75	82	1
75	84	1
75	85	1
75	87	1
76	78	1
76	79	1
76	80	1
76	81	1
76	82	1
76	84	1
76	85	1
76	86	1
77	79	1
77	80	1
77	82	1
77	84	1
77	85	1
77	87	1
78	85	1
78	86	1
78	88	1
79	81	1
79	82	1
79	83	1
79	84	1
79	86	1
79	88	1
80	82	1
80	83	1
80	84	1
80	86	1
80	88	1
81	82	1
81	83	1
81	86	1
82	86	1
82	87	1
82	88	1
83	87	1
83	88	1
84	85	1
84	87	1
85	86	1
85	87	1
85	88	1
87	88	1
