1	2
2	4
3	4
2	5
3	5
4	5
4	6
2	7
3	7
4	7
6	7
2	8
4	8
5	8
3	9
6	9
1	10
5	10
7	10
8	10
9	10
1	11
2	11
3	11
10	11
4	12
8	12
9	12
1	13
2	13
3	13
6	13
8	13
4	14
5	14
7	14
11	14
1	15
2	15
5	15
6	15
8	15
9	15
10	15
13	15
14	15
3	16
4	16
5	16
8	16
12	16
13	16
14	16
1	17
2	17
4	17
5	17
6	17
7	17
8	17
10	17
11	17
14	17
16	17
1	18
2	18
3	18
4	18
6	18
9	18
11	18
12	18
13	18
16	18
17	18
1	19
3	19
4	19
5	19
6	19
8	19
9	19
11	19
12	19
14	19
15	19
17	19
3	20
5	20
6	20
7	20
9	20
10	20
13	20
15	20
17	20
18	20
1	21
4	21
5	21
8	21
10	21
12	21
14	21
15	21
16	21
18	21
19	21
1	22
2	22
3	22
7	22
11	22
15	22
16	22
17	22
19	22
20	22
21	22
1	23
2	23
5	23
7	23
8	23
11	23
13	23
14	23
18	23
21	23
4	24
5	24
6	24
7	24
8	24
10	24
11	24
14	24
15	24
16	24
17	24
19	24
20	24
21	24
22	24
23	24
2	25
3	25
4	25
5	25
8	25
11	25
16	25
17	25
19	25
20	25
1	26
2	26
3	26
6	26
9	26
15	26
16	26
19	26
23	26
1	27
3	27
4	27
7	27
8	27
9	27
12	27
13	27
15	27
16	27
17	27
19	27
25	27
26	27
1	28
5	28
7	28
8	28
9	28
10	28
11	28
12	28
15	28
16	28
19	28
24	28
26	28
27	28
3	29
6	29
7	29
9	29
10	29
11	29
14	29
17	29
19	29
20	29
21	29
22	29
23	29
24	29
27	29
2	30
4	30
5	30
9	30
10	30
13	30
16	30
18	30
19	30
20	30
22	30
23	30
3	31
8	31
10	31
13	31
18	31
22	31
23	31
24	31
25	31
1	32
2	32
3	32
4	32
6	32
7	32
12	32
14	32
16	32
17	32
19	32
21	32
22	32
25	32
29	32
30	32
1	33
2	33
4	33
5	33
6	33
7	33
8	33
9	33
10	33
12	33
13	33
15	33
17	33
19	33
20	33
22	33
25	33
27	33
31	33
32	33
2	34
5	34
8	34
9	34
11	34
13	34
14	34
15	34
20	34
22	34
23	34
24	34
25	34
27	34
28	34
29	34
30	34
31	34
32	34
33	34
1	35
4	35
7	35
10	35
11	35
14	35
15	35
17	35
18	35
19	35
20	35
21	35
23	35
27	35
29	35
31	35
34	35
2	36
3	36
4	36
5	36
6	36
7	36
8	36
9	36
11	36
12	36
14	36
15	36
16	36
17	36
19	36
21	36
22	36
23	36
25	36
29	36
31	36
32	36
5	37
8	37
9	37
10	37
11	37
12	37
17	37
18	37
20	37
25	37
26	37
27	37
28	37
30	37
33	37
34	37
1	38
2	38
4	38
5	38
6	38
9	38
10	38
11	38
13	38
14	38
15	38
16	38
17	38
20	38
21	38
22	38
23	38
24	38
25	38
26	38
29	38
30	38
32	38
33	38
34	38
35	38
36	38
37	38
3	39
8	39
10	39
11	39
13	39
14	39
15	39
16	39
19	39
20	39
21	39
24	39
25	39
27	39
28	39
30	39
33	39
35	39
1	40
5	40
6	40
7	40
9	40
12	40
14	40
15	40
16	40
20	40
22	40
24	40
26	40
28	40
30	40
31	40
34	40
36	40
39	40
2	41
3	41
4	41
6	41
7	41
9	41
10	41
11	41
12	41
14	41
17	41
18	41
19	41
21	41
23	41
28	41
29	41
30	41
35	41
37	41
2	42
3	42
4	42
5	42
7	42
8	42
11	42
12	42
16	42
19	42
20	42
21	42
22	42
24	42
27	42
28	42
30	42
31	42
33	42
36	42
37	42
38	42
41	42
3	43
5	43
6	43
8	43
11	43
13	43
15	43
16	43
17	43
18	43
19	43
22	43
25	43
27	43
28	43
32	43
34	43
36	43
37	43
38	43
40	43
1	44
4	44
7	44
14	44
15	44
16	44
17	44
19	44
20	44
21	44
22	44
24	44
27	44
28	44
30	44
31	44
32	44
33	44
34	44
35	44
38	44
40	44
41	44
42	44
43	44
1	45
2	45
3	45
5	45
7	45
8	45
11	45
12	45
15	45
18	45
19	45
20	45
22	45
24	45
26	45
29	45
30	45
31	45
32	45
34	45
36	45
39	45
40	45
43	45
44	45
1	46
2	46
4	46
5	46
6	46
7	46
9	46
13	46
14	46
15	46
16	46
17	46
18	46
19	46
21	46
22	46
23	46
24	46
26	46
27	46
28	46
30	46
31	46
33	46
34	46
36	46
38	46
39	46
40	46
41	46
42	46
1	47
2	47
7	47
8	47
9	47
11	47
14	47
15	47
16	47
18	47
19	47
21	47
22	47
23	47
24	47
26	47
28	47
30	47
31	47
34	47
40	47
43	47
45	47
2	48
4	48
5	48
7	48
8	48
9	48
14	48
16	48
17	48
18	48
19	48
21	48
22	48
24	48
25	48
26	48
27	48
29	48
30	48
36	48
38	48
39	48
40	48
43	48
44	48
45	48
47	48
1	49
4	49
6	49
8	49
9	49
10	49
11	49
13	49
14	49
16	49
17	49
23	49
29	49
30	49
35	49
38	49
39	49
40	49
42	49
44	49
45	49
48	49
2	50
3	50
5	50
6	50
9	50
12	50
14	50
16	50
17	50
21	50
22	50
24	50
27	50
28	50
29	50
30	50
32	50
33	50
35	50
38	50
39	50
41	50
43	50
44	50
47	50
48	50
49	50
1	51
3	51
4	51
7	51
10	51
12	51
14	51
15	51
16	51
21	51
22	51
23	51
24	51
25	51
28	51
30	51
31	51
36	51
41	51
47	51
1	52
3	52
6	52
7	52
8	52
11	52
16	52
18	52
19	52
21	52
24	52
25	52
28	52
29	52
30	52
34	52
35	52
36	52
37	52
38	52
39	52
41	52
42	52
44	52
45	52
46	52
47	52
50	52
51	52
1	53
4	53
5	53
7	53
8	53
12	53
13	53
14	53
15	53
16	53
17	53
18	53
22	53
27	53
28	53
30	53
31	53
32	53
34	53
41	53
43	53
45	53
46	53
49	53
50	53
51	53
52	53
3	54
4	54
6	54
7	54
9	54
10	54
11	54
12	54
16	54
17	54
20	54
22	54
23	54
27	54
29	54
30	54
32	54
33	54
34	54
36	54
37	54
38	54
40	54
47	54
48	54
51	54
1	55
4	55
5	55
7	55
8	55
9	55
10	55
11	55
12	55
15	55
16	55
20	55
21	55
22	55
24	55
25	55
26	55
28	55
29	55
31	55
36	55
41	55
42	55
43	55
44	55
46	55
48	55
49	55
50	55
51	55
53	55
54	55
2	56
3	56
6	56
9	56
10	56
11	56
12	56
15	56
16	56
17	56
20	56
25	56
27	56
29	56
32	56
33	56
37	56
39	56
44	56
45	56
46	56
47	56
48	56
50	56
52	56
54	56
55	56
1	57
9	57
10	57
11	57
13	57
14	57
17	57
19	57
20	57
21	57
22	57
23	57
24	57
29	57
30	57
31	57
33	57
34	57
35	57
36	57
39	57
40	57
41	57
42	57
45	57
48	57
51	57
52	57
53	57
55	57
56	57
2	58
3	58
4	58
5	58
6	58
10	58
14	58
16	58
20	58
22	58
23	58
25	58
27	58
29	58
30	58
31	58
32	58
35	58
36	58
42	58
44	58
45	58
46	58
48	58
49	58
52	58
53	58
55	58
56	58
57	58
2	59
3	59
4	59
6	59
7	59
9	59
17	59
18	59
21	59
22	59
23	59
26	59
29	59
30	59
31	59
33	59
34	59
35	59
36	59
40	59
43	59
44	59
46	59
48	59
49	59
52	59
54	59
55	59
6	60
7	60
8	60
9	60
16	60
17	60
18	60
20	60
24	60
26	60
27	60
28	60
29	60
30	60
31	60
32	60
33	60
35	60
37	60
40	60
41	60
42	60
43	60
48	60
49	60
50	60
51	60
52	60
54	60
56	60
57	60
58	60
59	60
3	61
6	61
7	61
8	61
11	61
14	61
17	61
19	61
21	61
25	61
27	61
28	61
37	61
38	61
41	61
42	61
43	61
44	61
47	61
48	61
50	61
54	61
56	61
57	61
59	61
60	61
1	62
2	62
3	62
5	62
6	62
7	62
8	62
9	62
10	62
16	62
18	62
20	62
22	62
23	62
26	62
27	62
29	62
34	62
35	62
36	62
37	62
39	62
44	62
48	62
49	62
50	62
52	62
56	62
57	62
58	62
59	62
61	62
1	63
4	63
8	63
9	63
11	63
12	63
14	63
16	63
17	63
19	63
21	63
22	63
27	63
28	63
32	63
33	63
35	63
39	63
40	63
41	63
42	63
49	63
50	63
51	63
56	63
57	63
59	63
60	63
61	63
1	64
4	64
8	64
10	64
11	64
12	64
14	64
15	64
17	64
20	64
23	64
24	64
25	64
26	64
27	64
28	64
30	64
31	64
32	64
34	64
38	64
39	64
40	64
41	64
43	64
44	64
46	64
47	64
51	64
52	64
53	64
55	64
62	64
63	64
1	65
4	65
5	65
6	65
11	65
13	65
14	65
16	65
17	65
22	65
23	65
25	65
26	65
27	65
31	65
36	65
37	65
41	65
42	65
43	65
46	65
51	65
52	65
53	65
54	65
55	65
56	65
58	65
59	65
60	65
61	65
62	65
2	66
4	66
9	66
14	66
15	66
17	66
21	66
24	66
26	66
27	66
30	66
31	66
32	66
35	66
36	66
38	66
40	66
41	66
42	66
43	66
47	66
51	66
54	66
55	66
57	66
58	66
62	66
63	66
1	67
3	67
5	67
8	67
10	67
11	67
14	67
15	67
17	67
18	67
19	67
22	67
23	67
25	67
26	67
31	67
46	67
48	67
51	67
54	67
57	67
63	67
64	67
65	67
66	67
2	68
4	68
6	68
7	68
9	68
11	68
14	68
17	68
20	68
21	68
22	68
26	68
33	68
37	68
40	68
43	68
44	68
50	68
54	68
57	68
59	68
61	68
63	68
66	68
1	69
5	69
8	69
10	69
11	69
12	69
13	69
14	69
15	69
16	69
17	69
19	69
21	69
22	69
24	69
25	69
27	69
29	69
33	69
37	69
39	69
43	69
44	69
45	69
46	69
50	69
52	69
55	69
57	69
58	69
60	69
62	69
63	69
65	69
67	69
1	70
3	70
4	70
5	70
9	70
12	70
21	70
24	70
26	70
27	70
31	70
32	70
36	70
41	70
46	70
49	70
51	70
53	70
55	70
57	70
58	70
60	70
61	70
62	70
63	70
64	70
65	70
69	70
1	71
3	71
4	71
5	71
8	71
10	71
16	71
17	71
19	71
20	71
21	71
23	71
28	71
29	71
31	71
35	71
37	71
38	71
42	71
44	71
45	71
48	71
50	71
51	71
52	71
55	71
56	71
58	71
60	71
61	71
62	71
64	71
2	72
3	72
5	72
6	72
7	72
11	72
12	72
15	72
18	72
21	72
22	72
23	72
25	72
26	72
27	72
29	72
33	72
34	72
35	72
36	72
37	72
38	72
39	72
40	72
41	72
43	72
44	72
48	72
49	72
55	72
57	72
58	72
59	72
62	72
65	72
68	72
69	72
70	72
1	73
3	73
4	73
6	73
9	73
11	73
12	73
15	73
16	73
17	73
20	73
21	73
25	73
26	73
27	73
30	73
31	73
35	73
38	73
39	73
40	73
41	73
43	73
44	73
46	73
47	73
48	73
51	73
52	73
54	73
57	73
58	73
59	73
60	73
62	73
66	73
67	73
72	73
2	74
5	74
12	74
13	74
16	74
18	74
19	74
20	74
21	74
22	74
23	74
24	74
25	74
28	74
31	74
32	74
33	74
35	74
37	74
39	74
50	74
51	74
52	74
53	74
54	74
55	74
58	74
61	74
63	74
64	74
67	74
69	74
70	74
72	74
73	74
1	75
6	75
7	75
8	75
11	75
15	75
18	75
19	75
20	75
23	75
24	75
26	75
27	75
28	75
29	75
35	75
36	75
37	75
38	75
39	75
41	75
44	75
48	75
49	75
56	75
58	75
60	75
62	75
64	75
67	75
68	75
72	75
73	75
8	76
9	76
11	76
13	76
15	76
16	76
18	76
19	76
23	76
26	76
27	76
28	76
29	76
32	76
33	76
37	76
38	76
39	76
42	76
46	76
48	76
49	76
52	76
53	76
54	76
58	76
59	76
60	76
61	76
66	76
67	76
68	76
70	76
71	76
73	76
1	77
3	77
6	77
7	77
9	77
10	77
11	77
12	77
15	77
16	77
20	77
22	77
24	77
29	77
31	77
34	77
36	77
38	77
39	77
41	77
43	77
46	77
48	77
49	77
50	77
51	77
53	77
55	77
56	77
58	77
60	77
62	77
63	77
66	77
68	77
69	77
72	77
73	77
74	77
75	77
4	78
6	78
7	78
10	78
11	78
15	78
18	78
19	78
21	78
23	78
27	78
28	78
30	78
33	78
34	78
35	78
36	78
38	78
39	78
40	78
41	78
44	78
45	78
47	78
49	78
51	78
53	78
54	78
56	78
57	78
60	78
61	78
62	78
63	78
65	78
68	78
73	78
74	78
77	78
2	79
3	79
5	79
12	79
13	79
17	79
19	79
20	79
25	79
28	79
33	79
35	79
36	79
40	79
42	79
43	79
44	79
46	79
47	79
48	79
49	79
51	79
52	79
55	79
56	79
58	79
59	79
62	79
65	79
67	79
68	79
72	79
73	79
78	79
1	80
3	80
4	80
5	80
7	80
8	80
10	80
11	80
14	80
17	80
18	80
19	80
20	80
21	80
24	80
27	80
28	80
31	80
35	80
36	80
38	80
40	80
41	80
42	80
43	80
44	80
45	80
46	80
54	80
55	80
57	80
60	80
61	80
62	80
64	80
65	80
66	80
67	80
68	80
70	80
72	80
73	80
74	80
77	80
79	80
1	81
2	81
3	81
4	81
5	81
6	81
12	81
15	81
16	81
18	81
19	81
21	81
22	81
27	81
33	81
37	81
40	81
41	81
42	81
44	81
52	81
54	81
61	81
65	81
66	81
70	81
71	81
72	81
73	81
74	81
75	81
76	81
78	81
79	81
80	81
3	82
4	82
5	82
7	82
8	82
9	82
12	82
13	82
14	82
15	82
17	82
20	82
21	82
23	82
24	82
25	82
27	82
29	82
30	82
34	82
37	82
38	82
41	82
43	82
44	82
46	82
47	82
50	82
51	82
52	82
55	82
56	82
59	82
62	82
66	82
70	82
74	82
76	82
77	82
78	82
79	82
81	82
1	83
2	83
4	83
8	83
9	83
13	83
14	83
18	83
20	83
22	83
23	83
25	83
27	83
30	83
31	83
32	83
33	83
35	83
37	83
40	83
41	83
45	83
46	83
49	83
50	83
52	83
53	83
56	83
58	83
59	83
60	83
62	83
63	83
64	83
66	83
67	83
69	83
70	83
72	83
73	83
74	83
76	83
79	83
80	83
81	83
1	84
2	84
3	84
4	84
5	84
6	84
7	84
14	84
16	84
17	84
19	84
20	84
22	84
23	84
25	84
27	84
29	84
32	84
33	84
35	84
36	84
40	84
41	84
42	84
43	84
44	84
49	84
55	84
56	84
58	84
61	84
62	84
66	84
69	84
71	84
74	84
77	84
80	84
2	85
3	85
4	85
5	85
6	85
8	85
9	85
12	85
13	85
17	85
18	85
19	85
20	85
23	85
27	85
30	85
33	85
34	85
35	85
36	85
37	85
38	85
50	85
51	85
52	85
54	85
55	85
57	85
58	85
59	85
60	85
62	85
64	85
65	85
67	85
69	85
70	85
71	85
79	85
82	85
2	86
4	86
5	86
6	86
8	86
9	86
10	86
12	86
13	86
14	86
17	86
18	86
19	86
21	86
23	86
25	86
26	86
29	86
31	86
34	86
35	86
36	86
37	86
39	86
40	86
41	86
43	86
44	86
46	86
48	86
51	86
54	86
56	86
63	86
64	86
65	86
66	86
67	86
68	86
76	86
77	86
79	86
80	86
81	86
1	87
2	87
6	87
8	87
9	87
10	87
11	87
12	87
13	87
15	87
17	87
18	87
20	87
22	87
25	87
27	87
28	87
33	87
35	87
39	87
40	87
42	87
43	87
44	87
49	87
50	87
52	87
54	87
62	87
66	87
69	87
74	87
76	87
77	87
78	87
80	87
82	87
83	87
84	87
86	87
88	89
88	90
88	91
88	92
88	93
88	94
88	95
89	90
89	91
89	92
89	93
89	94
89	95
90	91
90	92
90	93
90	94
90	95
91	92
91	93
91	94
91	95
92	93
92	94
92	95
93	94
93	95
94	95
96	97
96	98
96	99
96	100
96	101
96	102
96	103
97	98
97	99
97	100
97	101
97	102
97	103
98	99
98	100
98	101
98	102
98	103
99	100
99	101
99	102
99	103
100	101
100	102
100	103
101	102
101	103
102	103
1	88
87	96
95	103
