2	3
1	4
1	5
3	5
4	5
2	6
3	6
4	6
5	6
1	7
2	7
3	7
1	8
2	8
3	8
4	8
1	9
4	9
7	10
3	11
6	11
7	11
9	11
3	12
4	12
5	12
7	12
11	12
1	13
2	13
4	13
5	13
6	13
8	13
9	13
10	13
11	13
12	13
4	14
6	14
7	14
8	14
9	14
1	15
3	15
6	15
7	15
8	15
9	15
11	15
12	15
13	15
1	16
6	16
7	16
9	16
10	16
13	16
1	17
4	17
6	17
7	17
8	17
9	17
10	17
12	17
14	17
15	17
2	18
3	18
5	18
6	18
7	18
8	18
11	18
12	18
15	18
17	18
2	19
3	19
4	19
7	19
8	19
10	19
11	19
12	19
13	19
14	19
15	19
18	19
1	20
2	20
4	20
6	20
7	20
8	20
9	20
12	20
16	20
17	20
18	20
2	21
5	21
8	21
9	21
10	21
12	21
13	21
14	21
16	21
20	21
2	22
3	22
8	22
11	22
13	22
14	22
16	22
19	22
20	22
21	22
2	23
3	23
5	23
8	23
9	23
11	23
12	23
15	23
17	23
18	23
20	23
21	23
2	24
6	24
7	24
9	24
12	24
15	24
16	24
17	24
18	24
19	24
22	24
23	24
1	25
2	25
3	25
4	25
5	25
6	25
8	25
9	25
10	25
12	25
13	25
14	25
15	25
16	25
18	25
22	25
23	25
24	25
7	26
8	26
9	26
11	26
13	26
18	26
20	26
21	26
23	26
1	27
3	27
8	27
9	27
13	27
14	27
17	27
19	27
22	27
23	27
24	27
25	27
26	27
1	28
2	28
5	28
6	28
10	28
11	28
13	28
15	28
18	28
19	28
20	28
21	28
22	28
23	28
25	28
27	28
4	29
7	29
8	29
11	29
13	29
15	29
17	29
20	29
21	29
25	29
6	30
8	30
9	30
10	30
14	30
16	30
19	30
20	30
22	30
24	30
25	30
27	30
28	30
9	31
10	31
12	31
13	31
16	31
17	31
18	31
20	31
22	31
24	31
27	31
3	32
5	32
8	32
9	32
11	32
12	32
13	32
15	32
18	32
19	32
20	32
21	32
22	32
23	32
26	32
27	32
29	32
30	32
1	33
2	33
5	33
6	33
8	33
10	33
14	33
15	33
16	33
17	33
19	33
20	33
21	33
24	33
27	33
29	33
31	33
1	34
2	34
3	34
7	34
10	34
13	34
14	34
17	34
18	34
24	34
25	34
26	34
27	34
28	34
30	34
31	34
1	35
3	35
4	35
6	35
9	35
10	35
12	35
18	35
22	35
23	35
30	35
32	35
34	35
3	36
4	36
7	36
8	36
9	36
14	36
15	36
17	36
20	36
21	36
26	36
27	36
28	36
30	36
31	36
32	36
34	36
1	37
2	37
4	37
5	37
6	37
7	37
15	37
17	37
18	37
20	37
21	37
25	37
27	37
29	37
31	37
35	37
2	38
6	38
7	38
9	38
13	38
14	38
15	38
16	38
18	38
23	38
24	38
25	38
26	38
28	38
31	38
32	38
36	38
1	39
2	39
4	39
6	39
7	39
9	39
10	39
12	39
15	39
18	39
19	39
21	39
23	39
29	39
30	39
31	39
33	39
36	39
37	39
4	40
5	40
6	40
7	40
8	40
9	40
10	40
11	40
13	40
14	40
15	40
17	40
29	40
32	40
33	40
35	40
36	40
37	40
38	40
3	41
6	41
8	41
11	41
12	41
16	41
19	41
20	41
21	41
23	41
24	41
25	41
27	41
29	41
31	41
34	41
36	41
37	41
40	41
3	42
4	42
5	42
6	42
7	42
8	42
10	42
13	42
15	42
16	42
17	42
18	42
19	42
20	42
21	42
22	42
25	42
26	42
30	42
31	42
32	42
33	42
35	42
36	42
37	42
38	42
39	42
40	42
41	42
2	43
5	43
7	43
8	43
11	43
12	43
13	43
15	43
16	43
17	43
18	43
19	43
23	43
25	43
26	43
27	43
28	43
30	43
32	43
35	43
36	43
37	43
38	43
39	43
41	43
3	44
5	44
8	44
11	44
13	44
15	44
16	44
17	44
19	44
20	44
22	44
23	44
24	44
27	44
28	44
30	44
31	44
32	44
34	44
38	44
40	44
2	45
3	45
4	45
6	45
8	45
10	45
12	45
13	45
15	45
17	45
18	45
19	45
22	45
23	45
27	45
28	45
29	45
32	45
34	45
35	45
36	45
37	45
39	45
43	45
44	45
1	46
4	46
7	46
8	46
9	46
11	46
13	46
15	46
18	46
19	46
21	46
24	46
29	46
30	46
31	46
32	46
34	46
35	46
36	46
38	46
40	46
42	46
43	46
44	46
45	46
2	47
5	47
6	47
7	47
8	47
10	47
11	47
13	47
14	47
15	47
18	47
21	47
22	47
24	47
26	47
27	47
32	47
35	47
42	47
44	47
45	47
46	47
3	48
5	48
8	48
9	48
10	48
11	48
12	48
19	48
20	48
21	48
22	48
23	48
24	48
25	48
26	48
27	48
28	48
31	48
32	48
33	48
34	48
36	48
37	48
38	48
39	48
40	48
41	48
45	48
47	48
1	49
6	49
9	49
18	49
20	49
24	49
27	49
28	49
29	49
30	49
31	49
35	49
37	49
38	49
39	49
42	49
44	49
45	49
1	50
2	50
4	50
5	50
7	50
13	50
14	50
15	50
16	50
18	50
19	50
21	50
22	50
23	50
25	50
27	50
28	50
30	50
31	50
32	50
36	50
37	50
43	50
45	50
46	50
47	50
1	51
2	51
3	51
7	51
8	51
10	51
12	51
14	51
15	51
17	51
18	51
20	51
22	51
25	51
29	51
34	51
36	51
38	51
39	51
41	51
43	51
46	51
49	51
2	52
3	52
4	52
6	52
8	52
10	52
12	52
13	52
14	52
15	52
17	52
22	52
23	52
26	52
27	52
28	52
31	52
32	52
34	52
37	52
38	52
39	52
40	52
41	52
42	52
49	52
50	52
5	53
7	53
8	53
9	53
10	53
12	53
14	53
17	53
18	53
21	53
23	53
24	53
25	53
27	53
28	53
29	53
32	53
33	53
34	53
35	53
37	53
38	53
39	53
40	53
41	53
44	53
48	53
49	53
50	53
2	54
3	54
5	54
6	54
8	54
12	54
13	54
14	54
15	54
16	54
17	54
19	54
20	54
26	54
27	54
31	54
34	54
35	54
37	54
38	54
41	54
42	54
44	54
45	54
47	54
48	54
49	54
50	54
52	54
53	54
1	55
4	55
5	55
6	55
7	55
8	55
13	55
14	55
15	55
18	55
20	55
21	55
23	55
24	55
33	55
34	55
36	55
41	55
42	55
43	55
44	55
46	55
47	55
51	55
52	55
53	55
54	55
1	56
2	56
3	56
4	56
5	56
8	56
9	56
11	56
12	56
13	56
15	56
16	56
18	56
23	56
24	56
25	56
26	56
27	56
29	56
33	56
34	56
36	56
37	56
38	56
40	56
41	56
43	56
47	56
48	56
49	56
1	57
8	57
9	57
11	57
14	57
15	57
17	57
18	57
21	57
24	57
25	57
26	57
27	57
28	57
30	57
34	57
37	57
40	57
41	57
42	57
43	57
44	57
48	57
49	57
50	57
52	57
54	57
56	57
2	58
3	58
4	58
5	58
7	58
10	58
13	58
14	58
15	58
19	58
21	58
25	58
27	58
28	58
29	58
32	58
33	58
37	58
38	58
40	58
42	58
43	58
44	58
49	58
50	58
52	58
53	58
54	58
55	58
56	58
4	59
6	59
7	59
8	59
9	59
10	59
11	59
13	59
14	59
15	59
16	59
17	59
18	59
19	59
20	59
22	59
23	59
25	59
27	59
29	59
32	59
33	59
35	59
36	59
37	59
38	59
41	59
45	59
46	59
47	59
53	59
54	59
58	59
5	60
6	60
7	60
11	60
19	60
22	60
23	60
24	60
25	60
26	60
28	60
30	60
31	60
35	60
36	60
37	60
39	60
42	60
43	60
47	60
49	60
50	60
51	60
53	60
54	60
56	60
57	60
2	61
7	61
8	61
11	61
12	61
13	61
14	61
15	61
16	61
19	61
21	61
22	61
23	61
24	61
26	61
27	61
29	61
30	61
31	61
37	61
42	61
43	61
44	61
46	61
47	61
51	61
57	61
60	61
2	62
6	62
7	62
10	62
11	62
12	62
13	62
16	62
20	62
22	62
27	62
28	62
32	62
34	62
36	62
37	62
39	62
42	62
43	62
44	62
48	62
52	62
54	62
56	62
57	62
58	62
59	62
61	62
1	63
2	63
5	63
7	63
8	63
9	63
10	63
12	63
13	63
16	63
17	63
18	63
19	63
21	63
23	63
26	63
31	63
33	63
37	63
39	63
40	63
43	63
46	63
47	63
50	63
53	63
58	63
62	63
3	64
4	64
6	64
9	64
10	64
14	64
17	64
21	64
23	64
24	64
25	64
26	64
28	64
30	64
31	64
32	64
34	64
36	64
37	64
38	64
39	64
40	64
43	64
44	64
47	64
48	64
50	64
51	64
52	64
54	64
57	64
59	64
60	64
61	64
62	64
63	64
2	65
3	65
6	65
8	65
11	65
14	65
15	65
16	65
18	65
24	65
25	65
28	65
30	65
31	65
32	65
36	65
38	65
40	65
41	65
42	65
48	65
50	65
52	65
55	65
57	65
58	65
59	65
61	65
64	65
2	66
5	66
12	66
13	66
14	66
17	66
19	66
20	66
21	66
25	66
26	66
27	66
28	66
31	66
33	66
34	66
39	66
41	66
42	66
43	66
45	66
46	66
47	66
48	66
49	66
50	66
51	66
53	66
55	66
58	66
60	66
64	66
1	67
7	67
10	67
12	67
13	67
14	67
15	67
16	67
17	67
20	67
23	67
25	67
26	67
27	67
28	67
29	67
30	67
32	67
34	67
37	67
38	67
39	67
42	67
43	67
44	67
46	67
48	67
49	67
52	67
54	67
62	67
63	67
65	67
1	68
3	68
5	68
6	68
9	68
10	68
11	68
14	68
15	68
16	68
20	68
21	68
25	68
26	68
27	68
28	68
30	68
33	68
35	68
37	68
38	68
39	68
41	68
42	68
44	68
45	68
48	68
49	68
55	68
62	68
66	68
1	69
5	69
10	69
12	69
14	69
15	69
17	69
19	69
20	69
21	69
22	69
27	69
31	69
32	69
34	69
35	69
37	69
39	69
43	69
47	69
49	69
53	69
60	69
63	69
65	69
67	69
68	69
3	70
4	70
6	70
9	70
11	70
13	70
15	70
16	70
21	70
26	70
31	70
33	70
36	70
37	70
38	70
39	70
41	70
43	70
44	70
46	70
48	70
49	70
52	70
53	70
57	70
59	70
60	70
61	70
63	70
64	70
66	70
68	70
69	70
2	71
3	71
4	71
7	71
9	71
15	71
17	71
19	71
23	71
26	71
29	71
30	71
34	71
37	71
39	71
40	71
41	71
42	71
43	71
45	71
46	71
47	71
49	71
53	71
55	71
56	71
59	71
61	71
62	71
65	71
67	71
1	72
3	72
4	72
8	72
11	72
15	72
17	72
19	72
21	72
22	72
23	72
25	72
26	72
27	72
31	72
32	72
35	72
36	72
37	72
40	72
41	72
42	72
44	72
45	72
46	72
50	72
54	72
55	72
57	72
58	72
59	72
60	72
65	72
68	72
69	72
2	73
4	73
5	73
6	73
13	73
16	73
17	73
19	73
21	73
26	73
29	73
30	73
31	73
32	73
33	73
35	73
36	73
37	73
40	73
42	73
43	73
46	73
48	73
49	73
50	73
51	73
53	73
54	73
59	73
61	73
63	73
64	73
65	73
66	73
67	73
69	73
1	74
2	74
4	74
8	74
9	74
10	74
11	74
12	74
15	74
17	74
21	74
22	74
23	74
24	74
25	74
27	74
28	74
29	74
30	74
31	74
32	74
34	74
35	74
38	74
39	74
41	74
42	74
43	74
45	74
46	74
49	74
50	74
53	74
54	74
55	74
56	74
58	74
60	74
62	74
65	74
67	74
70	74
72	74
2	75
4	75
6	75
10	75
12	75
13	75
16	75
17	75
23	75
24	75
25	75
26	75
27	75
30	75
32	75
33	75
34	75
35	75
36	75
37	75
39	75
41	75
42	75
43	75
44	75
45	75
47	75
49	75
50	75
51	75
54	75
57	75
60	75
62	75
64	75
66	75
69	75
70	75
71	75
72	75
1	76
3	76
4	76
6	76
8	76
9	76
10	76
11	76
12	76
13	76
14	76
17	76
18	76
19	76
20	76
21	76
24	76
29	76
30	76
31	76
32	76
34	76
35	76
38	76
39	76
44	76
49	76
51	76
53	76
55	76
57	76
58	76
60	76
62	76
68	76
69	76
70	76
72	76
74	76
75	76
1	77
2	77
5	77
6	77
7	77
8	77
9	77
10	77
11	77
18	77
19	77
20	77
21	77
24	77
25	77
27	77
30	77
32	77
33	77
36	77
37	77
38	77
39	77
41	77
44	77
47	77
57	77
59	77
61	77
63	77
67	77
68	77
69	77
72	77
73	77
75	77
76	77
2	78
3	78
6	78
7	78
9	78
11	78
15	78
16	78
21	78
22	78
23	78
24	78
25	78
26	78
27	78
28	78
36	78
37	78
39	78
43	78
44	78
47	78
49	78
52	78
53	78
54	78
55	78
56	78
57	78
59	78
60	78
64	78
65	78
66	78
69	78
70	78
71	78
75	78
77	78
3	79
7	79
8	79
9	79
11	79
12	79
13	79
14	79
15	79
16	79
17	79
19	79
21	79
23	79
26	79
27	79
29	79
30	79
32	79
34	79
35	79
36	79
38	79
43	79
44	79
45	79
48	79
49	79
51	79
52	79
55	79
56	79
60	79
61	79
64	79
67	79
68	79
69	79
72	79
74	79
78	79
2	80
3	80
7	80
10	80
11	80
14	80
15	80
17	80
19	80
20	80
21	80
24	80
26	80
28	80
32	80
34	80
35	80
38	80
39	80
40	80
43	80
45	80
46	80
49	80
54	80
55	80
56	80
57	80
58	80
59	80
63	80
64	80
66	80
67	80
68	80
69	80
70	80
71	80
73	80
76	80
1	81
2	81
5	81
8	81
10	81
11	81
13	81
14	81
15	81
16	81
17	81
19	81
21	81
22	81
26	81
27	81
29	81
30	81
32	81
33	81
34	81
37	81
38	81
39	81
41	81
44	81
45	81
47	81
52	81
53	81
56	81
59	81
60	81
61	81
63	81
64	81
65	81
67	81
68	81
70	81
73	81
74	81
76	81
78	81
79	81
2	82
3	82
5	82
9	82
12	82
13	82
16	82
17	82
18	82
20	82
22	82
23	82
26	82
28	82
29	82
30	82
32	82
33	82
34	82
37	82
39	82
42	82
43	82
44	82
46	82
47	82
48	82
49	82
51	82
54	82
58	82
59	82
61	82
65	82
67	82
71	82
72	82
74	82
75	82
76	82
81	82
1	83
4	83
9	83
11	83
14	83
17	83
23	83
24	83
25	83
26	83
28	83
29	83
30	83
33	83
34	83
37	83
40	83
43	83
46	83
50	83
52	83
53	83
57	83
59	83
60	83
61	83
62	83
64	83
65	83
66	83
67	83
68	83
72	83
74	83
76	83
78	83
79	83
1	84
4	84
5	84
6	84
7	84
10	84
11	84
12	84
15	84
17	84
18	84
19	84
23	84
29	84
31	84
32	84
34	84
37	84
40	84
42	84
43	84
45	84
47	84
51	84
56	84
57	84
61	84
63	84
64	84
66	84
67	84
68	84
69	84
70	84
72	84
75	84
76	84
77	84
78	84
81	84
83	84
2	85
5	85
6	85
8	85
12	85
13	85
18	85
19	85
21	85
22	85
26	85
32	85
33	85
36	85
38	85
39	85
43	85
44	85
45	85
49	85
50	85
51	85
55	85
58	85
59	85
60	85
62	85
63	85
64	85
65	85
68	85
70	85
71	85
76	85
77	85
78	85
80	85
81	85
82	85
84	85
1	86
2	86
4	86
5	86
7	86
13	86
18	86
20	86
22	86
24	86
25	86
26	86
27	86
30	86
31	86
33	86
36	86
40	86
42	86
47	86
51	86
52	86
56	86
57	86
58	86
59	86
60	86
62	86
64	86
65	86
66	86
67	86
68	86
69	86
70	86
71	86
72	86
73	86
75	86
77	86
79	86
83	86
84	86
85	86
1	87
4	87
5	87
9	87
10	87
15	87
16	87
17	87
20	87
24	87
26	87
27	87
29	87
31	87
38	87
40	87
45	87
50	87
53	87
56	87
61	87
63	87
64	87
66	87
68	87
69	87
75	87
77	87
81	87
82	87
1	88
2	88
8	88
9	88
11	88
12	88
13	88
17	88
18	88
19	88
20	88
21	88
25	88
27	88
28	88
36	88
38	88
40	88
41	88
42	88
43	88
44	88
45	88
46	88
47	88
48	88
49	88
50	88
52	88
54	88
55	88
57	88
58	88
59	88
62	88
63	88
64	88
65	88
72	88
73	88
74	88
77	88
78	88
79	88
80	88
81	88
82	88
83	88
84	88
85	88
2	89
5	89
7	89
8	89
9	89
12	89
16	89
17	89
18	89
19	89
20	89
21	89
23	89
24	89
26	89
31	89
33	89
35	89
46	89
48	89
54	89
56	89
57	89
58	89
60	89
70	89
71	89
79	89
80	89
81	89
82	89
86	89
87	89
88	89
1	90
3	90
5	90
8	90
9	90
10	90
16	90
17	90
18	90
20	90
23	90
24	90
25	90
30	90
31	90
33	90
35	90
37	90
38	90
41	90
42	90
44	90
45	90
46	90
51	90
53	90
54	90
56	90
57	90
58	90
59	90
60	90
61	90
62	90
63	90
64	90
68	90
69	90
71	90
75	90
77	90
78	90
79	90
83	90
87	90
1	91
3	91
4	91
6	91
7	91
9	91
11	91
14	91
16	91
18	91
20	91
22	91
24	91
26	91
32	91
36	91
39	91
40	91
42	91
43	91
44	91
45	91
46	91
49	91
50	91
57	91
59	91
61	91
62	91
65	91
66	91
67	91
68	91
69	91
70	91
80	91
81	91
83	91
84	91
86	91
88	91
90	91
1	92
2	92
5	92
6	92
8	92
10	92
11	92
12	92
14	92
16	92
18	92
20	92
22	92
24	92
25	92
26	92
28	92
29	92
31	92
32	92
33	92
40	92
43	92
45	92
51	92
54	92
55	92
61	92
63	92
66	92
69	92
70	92
79	92
80	92
82	92
83	92
84	92
88	92
89	92
90	92
91	92
1	93
2	93
4	93
5	93
6	93
11	93
13	93
20	93
21	93
22	93
24	93
26	93
27	93
30	93
31	93
32	93
34	93
38	93
40	93
42	93
45	93
47	93
50	93
51	93
53	93
56	93
57	93
59	93
60	93
62	93
68	93
69	93
70	93
72	93
76	93
78	93
80	93
81	93
83	93
89	93
91	93
1	94
2	94
4	94
12	94
16	94
19	94
20	94
22	94
24	94
28	94
36	94
37	94
40	94
42	94
43	94
44	94
45	94
46	94
48	94
49	94
52	94
53	94
57	94
58	94
59	94
61	94
62	94
67	94
68	94
69	94
70	94
71	94
75	94
77	94
79	94
83	94
84	94
86	94
88	94
90	94
1	95
2	95
4	95
5	95
6	95
8	95
10	95
11	95
12	95
14	95
17	95
18	95
19	95
24	95
25	95
26	95
29	95
31	95
34	95
35	95
36	95
39	95
42	95
46	95
50	95
56	95
57	95
62	95
63	95
64	95
67	95
68	95
69	95
70	95
71	95
74	95
76	95
77	95
80	95
81	95
82	95
84	95
86	95
89	95
90	95
92	95
93	95
1	96
4	96
5	96
7	96
8	96
12	96
13	96
15	96
18	96
19	96
21	96
24	96
29	96
31	96
38	96
39	96
40	96
41	96
50	96
52	96
53	96
59	96
61	96
62	96
63	96
66	96
68	96
69	96
72	96
74	96
76	96
78	96
80	96
81	96
82	96
90	96
92	96
95	96
2	97
3	97
4	97
7	97
8	97
11	97
13	97
15	97
17	97
18	97
20	97
21	97
22	97
23	97
24	97
27	97
31	97
32	97
33	97
34	97
36	97
37	97
38	97
44	97
48	97
49	97
51	97
52	97
53	97
54	97
57	97
61	97
64	97
65	97
67	97
70	97
71	97
72	97
73	97
74	97
75	97
76	97
77	97
78	97
79	97
80	97
82	97
83	97
85	97
86	97
88	97
89	97
93	97
94	97
5	98
6	98
7	98
8	98
9	98
14	98
15	98
18	98
19	98
20	98
21	98
23	98
25	98
28	98
32	98
37	98
39	98
40	98
42	98
43	98
47	98
48	98
49	98
51	98
53	98
56	98
57	98
58	98
60	98
62	98
66	98
67	98
68	98
69	98
70	98
71	98
72	98
74	98
75	98
77	98
80	98
82	98
83	98
88	98
90	98
93	98
97	98
4	99
6	99
10	99
11	99
15	99
21	99
23	99
24	99
26	99
28	99
29	99
33	99
35	99
36	99
37	99
39	99
41	99
42	99
44	99
47	99
48	99
49	99
53	99
54	99
58	99
60	99
61	99
67	99
69	99
70	99
73	99
74	99
75	99
77	99
78	99
80	99
81	99
83	99
84	99
85	99
86	99
89	99
90	99
91	99
92	99
93	99
95	99
96	99
97	99
2	100
8	100
9	100
12	100
13	100
14	100
21	100
22	100
23	100
24	100
25	100
26	100
27	100
28	100
30	100
31	100
34	100
35	100
36	100
38	100
39	100
41	100
42	100
43	100
44	100
45	100
51	100
53	100
54	100
57	100
58	100
59	100
60	100
63	100
65	100
66	100
70	100
74	100
75	100
76	100
80	100
81	100
82	100
83	100
84	100
86	100
88	100
89	100
91	100
92	100
93	100
94	100
95	100
96	100
1	101
3	101
5	101
6	101
7	101
14	101
15	101
16	101
20	101
21	101
23	101
24	101
25	101
26	101
31	101
32	101
33	101
34	101
35	101
36	101
38	101
40	101
41	101
43	101
44	101
46	101
47	101
48	101
52	101
53	101
56	101
58	101
60	101
64	101
67	101
68	101
69	101
70	101
73	101
78	101
79	101
80	101
81	101
82	101
83	101
85	101
87	101
90	101
92	101
93	101
94	101
95	101
96	101
97	101
99	101
100	101
3	102
4	102
6	102
7	102
8	102
9	102
10	102
12	102
13	102
17	102
18	102
20	102
23	102
25	102
33	102
34	102
35	102
36	102
37	102
39	102
41	102
42	102
45	102
50	102
53	102
54	102
58	102
59	102
60	102
61	102
62	102
63	102
66	102
68	102
69	102
70	102
73	102
74	102
79	102
81	102
85	102
87	102
89	102
92	102
95	102
96	102
98	102
3	103
7	103
11	103
13	103
14	103
17	103
18	103
19	103
23	103
30	103
31	103
34	103
35	103
36	103
37	103
39	103
41	103
45	103
47	103
48	103
50	103
53	103
54	103
56	103
57	103
58	103
61	103
64	103
65	103
66	103
69	103
72	103
73	103
75	103
82	103
87	103
88	103
92	103
94	103
101	103
3	104
4	104
7	104
8	104
9	104
10	104
11	104
12	104
16	104
17	104
19	104
22	104
24	104
25	104
28	104
30	104
31	104
33	104
35	104
36	104
40	104
48	104
54	104
55	104
57	104
60	104
61	104
62	104
65	104
66	104
67	104
74	104
77	104
79	104
84	104
86	104
87	104
88	104
95	104
96	104
97	104
99	104
100	104
101	104
1	105
3	105
7	105
8	105
9	105
10	105
16	105
18	105
19	105
20	105
21	105
22	105
24	105
26	105
28	105
29	105
30	105
32	105
37	105
40	105
44	105
46	105
47	105
49	105
51	105
53	105
56	105
58	105
60	105
61	105
62	105
64	105
68	105
69	105
71	105
72	105
78	105
79	105
80	105
82	105
83	105
86	105
87	105
90	105
94	105
96	105
97	105
98	105
99	105
2	106
5	106
6	106
7	106
9	106
11	106
12	106
13	106
14	106
16	106
19	106
20	106
21	106
23	106
24	106
25	106
35	106
39	106
40	106
42	106
43	106
44	106
46	106
47	106
48	106
50	106
53	106
54	106
56	106
57	106
58	106
60	106
62	106
67	106
72	106
73	106
74	106
75	106
77	106
82	106
83	106
85	106
86	106
87	106
88	106
89	106
90	106
92	106
93	106
95	106
97	106
98	106
99	106
102	106
103	106
104	106
2	107
6	107
7	107
9	107
15	107
17	107
29	107
32	107
33	107
34	107
35	107
39	107
41	107
44	107
45	107
46	107
47	107
49	107
50	107
54	107
55	107
57	107
61	107
62	107
66	107
67	107
69	107
71	107
74	107
78	107
79	107
80	107
81	107
82	107
84	107
85	107
86	107
87	107
90	107
93	107
95	107
97	107
103	107
104	107
105	107
1	108
8	108
9	108
10	108
12	108
15	108
16	108
17	108
20	108
21	108
22	108
29	108
34	108
35	108
39	108
40	108
42	108
44	108
47	108
48	108
49	108
51	108
56	108
57	108
58	108
60	108
63	108
65	108
68	108
70	108
73	108
74	108
76	108
77	108
78	108
81	108
82	108
84	108
87	108
88	108
89	108
92	108
94	108
96	108
97	108
98	108
99	108
101	108
103	108
106	108
1	109
2	109
5	109
8	109
9	109
11	109
13	109
15	109
17	109
18	109
19	109
20	109
22	109
23	109
24	109
27	109
30	109
31	109
32	109
33	109
38	109
39	109
40	109
41	109
43	109
45	109
50	109
51	109
53	109
55	109
56	109
58	109
60	109
62	109
64	109
65	109
69	109
70	109
71	109
72	109
73	109
74	109
77	109
78	109
79	109
81	109
84	109
85	109
86	109
88	109
94	109
96	109
97	109
99	109
102	109
105	109
1	110
3	110
5	110
6	110
7	110
11	110
14	110
15	110
16	110
17	110
18	110
19	110
20	110
22	110
23	110
24	110
25	110
26	110
31	110
32	110
33	110
34	110
35	110
37	110
38	110
39	110
49	110
50	110
51	110
53	110
55	110
61	110
64	110
65	110
66	110
69	110
71	110
72	110
74	110
75	110
76	110
77	110
79	110
84	110
85	110
86	110
87	110
88	110
89	110
90	110
91	110
92	110
93	110
97	110
99	110
101	110
104	110
105	110
107	110
109	110
1	111
5	111
6	111
15	111
16	111
17	111
18	111
19	111
25	111
28	111
30	111
31	111
34	111
35	111
36	111
39	111
44	111
45	111
47	111
48	111
49	111
50	111
51	111
52	111
58	111
60	111
61	111
63	111
65	111
66	111
68	111
70	111
72	111
73	111
74	111
75	111
76	111
81	111
82	111
85	111
91	111
94	111
95	111
96	111
102	111
103	111
104	111
106	111
107	111
109	111
1	112
3	112
5	112
6	112
10	112
11	112
12	112
13	112
19	112
23	112
29	112
31	112
32	112
37	112
49	112
50	112
51	112
52	112
54	112
56	112
58	112
59	112
60	112
61	112
63	112
64	112
68	112
70	112
75	112
79	112
82	112
84	112
85	112
88	112
89	112
91	112
93	112
97	112
101	112
102	112
103	112
106	112
107	112
108	112
109	112
110	112
6	113
7	113
9	113
10	113
11	113
14	113
15	113
16	113
20	113
21	113
22	113
26	113
27	113
29	113
30	113
31	113
33	113
34	113
36	113
39	113
40	113
44	113
45	113
47	113
49	113
51	113
54	113
55	113
56	113
58	113
60	113
62	113
67	113
69	113
71	113
72	113
73	113
75	113
77	113
78	113
87	113
88	113
89	113
91	113
92	113
96	113
97	113
98	113
99	113
102	113
103	113
111	113
1	114
3	114
4	114
5	114
6	114
9	114
11	114
16	114
17	114
19	114
22	114
24	114
26	114
27	114
28	114
29	114
30	114
31	114
32	114
34	114
36	114
37	114
39	114
40	114
41	114
43	114
46	114
49	114
51	114
55	114
60	114
61	114
63	114
66	114
67	114
69	114
70	114
71	114
80	114
81	114
82	114
83	114
84	114
85	114
86	114
87	114
90	114
91	114
92	114
93	114
94	114
98	114
101	114
102	114
105	114
106	114
107	114
108	114
109	114
1	115
3	115
4	115
5	115
6	115
9	115
10	115
11	115
17	115
18	115
19	115
20	115
21	115
24	115
26	115
27	115
29	115
37	115
38	115
39	115
44	115
47	115
48	115
49	115
53	115
54	115
58	115
61	115
63	115
65	115
66	115
69	115
70	115
72	115
73	115
76	115
77	115
81	115
85	115
86	115
90	115
91	115
92	115
93	115
94	115
103	115
104	115
108	115
109	115
111	115
113	115
114	115
1	116
2	116
9	116
12	116
13	116
16	116
17	116
18	116
19	116
20	116
23	116
24	116
26	116
29	116
32	116
34	116
35	116
37	116
38	116
39	116
40	116
43	116
45	116
46	116
50	116
52	116
53	116
56	116
61	116
63	116
64	116
66	116
67	116
69	116
70	116
72	116
73	116
74	116
75	116
76	116
77	116
79	116
81	116
83	116
85	116
87	116
88	116
90	116
91	116
92	116
95	116
96	116
98	116
100	116
101	116
105	116
106	116
107	116
110	116
115	116
1	117
4	117
5	117
8	117
9	117
10	117
14	117
15	117
17	117
18	117
21	117
22	117
23	117
25	117
27	117
28	117
29	117
34	117
36	117
37	117
39	117
40	117
41	117
43	117
44	117
46	117
47	117
49	117
51	117
54	117
56	117
60	117
61	117
63	117
65	117
69	117
71	117
74	117
76	117
77	117
78	117
79	117
80	117
84	117
87	117
88	117
91	117
92	117
95	117
96	117
97	117
100	117
103	117
105	117
106	117
108	117
109	117
110	117
112	117
114	117
115	117
116	117
1	118
2	118
3	118
4	118
5	118
6	118
10	118
13	118
17	118
19	118
21	118
22	118
24	118
25	118
27	118
28	118
29	118
31	118
32	118
37	118
38	118
41	118
43	118
48	118
50	118
52	118
53	118
56	118
60	118
61	118
62	118
65	118
68	118
75	118
77	118
78	118
79	118
80	118
81	118
85	118
88	118
89	118
92	118
93	118
94	118
95	118
99	118
103	118
104	118
105	118
107	118
108	118
109	118
110	118
112	118
113	118
114	118
115	118
116	118
1	119
3	119
4	119
8	119
11	119
12	119
13	119
14	119
16	119
18	119
21	119
26	119
29	119
30	119
31	119
32	119
33	119
34	119
37	119
39	119
40	119
42	119
43	119
44	119
46	119
49	119
50	119
51	119
53	119
56	119
57	119
59	119
60	119
61	119
62	119
65	119
66	119
70	119
74	119
75	119
76	119
77	119
78	119
80	119
85	119
86	119
88	119
91	119
92	119
93	119
94	119
95	119
100	119
101	119
105	119
106	119
107	119
109	119
111	119
112	119
114	119
115	119
118	119
2	120
3	120
5	120
6	120
7	120
11	120
14	120
17	120
20	120
21	120
22	120
28	120
30	120
31	120
33	120
36	120
40	120
41	120
43	120
44	120
45	120
46	120
52	120
54	120
55	120
58	120
62	120
63	120
64	120
66	120
67	120
70	120
71	120
72	120
73	120
74	120
76	120
77	120
79	120
81	120
83	120
85	120
86	120
88	120
91	120
92	120
93	120
95	120
96	120
97	120
99	120
101	120
102	120
103	120
104	120
105	120
110	120
111	120
112	120
114	120
115	120
116	120
118	120
119	120
1	121
3	121
9	121
12	121
14	121
16	121
17	121
18	121
19	121
20	121
21	121
25	121
26	121
27	121
30	121
32	121
38	121
49	121
55	121
59	121
60	121
62	121
63	121
64	121
70	121
72	121
75	121
76	121
78	121
80	121
84	121
85	121
89	121
91	121
97	121
98	121
100	121
101	121
103	121
104	121
106	121
108	121
110	121
113	121
114	121
115	121
118	121
1	122
4	122
6	122
8	122
9	122
10	122
11	122
13	122
14	122
17	122
19	122
21	122
26	122
27	122
33	122
36	122
37	122
40	122
41	122
45	122
46	122
49	122
50	122
51	122
53	122
57	122
58	122
60	122
61	122
67	122
69	122
70	122
73	122
74	122
75	122
89	122
94	122
95	122
96	122
97	122
98	122
99	122
100	122
103	122
104	122
105	122
108	122
109	122
111	122
112	122
114	122
115	122
116	122
121	122
3	123
4	123
10	123
12	123
14	123
16	123
17	123
18	123
20	123
22	123
24	123
26	123
28	123
29	123
31	123
32	123
37	123
38	123
39	123
40	123
42	123
44	123
45	123
47	123
48	123
49	123
51	123
52	123
55	123
56	123
58	123
60	123
62	123
63	123
66	123
67	123
68	123
69	123
70	123
72	123
75	123
76	123
79	123
80	123
83	123
84	123
85	123
90	123
91	123
94	123
95	123
114	123
115	123
116	123
118	123
121	123
122	123
2	124
6	124
8	124
9	124
11	124
12	124
14	124
15	124
17	124
19	124
20	124
22	124
24	124
25	124
26	124
27	124
28	124
30	124
31	124
33	124
35	124
36	124
37	124
38	124
39	124
40	124
43	124
44	124
45	124
46	124
50	124
54	124
56	124
59	124
61	124
62	124
63	124
66	124
68	124
69	124
70	124
73	124
74	124
75	124
76	124
77	124
78	124
79	124
80	124
81	124
83	124
84	124
88	124
91	124
95	124
96	124
97	124
98	124
100	124
102	124
104	124
106	124
116	124
120	124
3	125
4	125
5	125
6	125
7	125
9	125
10	125
11	125
14	125
15	125
18	125
19	125
20	125
23	125
24	125
30	125
31	125
35	125
37	125
39	125
41	125
43	125
44	125
45	125
47	125
48	125
51	125
56	125
58	125
61	125
64	125
66	125
69	125
70	125
75	125
79	125
80	125
82	125
84	125
86	125
88	125
91	125
93	125
95	125
96	125
98	125
100	125
101	125
103	125
107	125
109	125
111	125
113	125
115	125
116	125
118	125
121	125
122	125
1	126
6	126
8	126
9	126
12	126
13	126
17	126
18	126
19	126
21	126
24	126
25	126
28	126
29	126
31	126
33	126
34	126
37	126
39	126
41	126
43	126
46	126
48	126
49	126
50	126
54	126
55	126
56	126
57	126
58	126
59	126
63	126
64	126
71	126
75	126
76	126
78	126
80	126
82	126
83	126
85	126
86	126
87	126
88	126
89	126
92	126
93	126
95	126
96	126
98	126
101	126
103	126
105	126
108	126
109	126
117	126
121	126
122	126
123	126
124	126
5	127
6	127
7	127
11	127
13	127
14	127
15	127
16	127
17	127
18	127
19	127
21	127
22	127
23	127
24	127
26	127
27	127
29	127
34	127
37	127
39	127
40	127
43	127
44	127
45	127
46	127
47	127
48	127
50	127
54	127
57	127
58	127
59	127
60	127
62	127
66	127
67	127
68	127
69	127
77	127
78	127
80	127
81	127
82	127
85	127
86	127
91	127
92	127
95	127
96	127
98	127
101	127
102	127
104	127
105	127
109	127
110	127
111	127
112	127
114	127
116	127
117	127
118	127
119	127
121	127
122	127
3	128
4	128
6	128
7	128
8	128
9	128
10	128
11	128
13	128
14	128
15	128
16	128
18	128
20	128
21	128
25	128
27	128
28	128
30	128
34	128
37	128
41	128
42	128
44	128
45	128
46	128
50	128
51	128
53	128
58	128
59	128
63	128
66	128
67	128
68	128
70	128
71	128
72	128
73	128
74	128
75	128
77	128
78	128
79	128
80	128
82	128
83	128
84	128
87	128
89	128
92	128
93	128
95	128
96	128
98	128
101	128
102	128
103	128
105	128
108	128
109	128
110	128
112	128
115	128
116	128
121	128
123	128
125	128
126	128
2	129
3	129
6	129
7	129
8	129
10	129
12	129
14	129
20	129
22	129
23	129
24	129
25	129
28	129
29	129
31	129
32	129
33	129
34	129
38	129
43	129
44	129
46	129
48	129
49	129
54	129
55	129
57	129
59	129
63	129
65	129
72	129
73	129
74	129
75	129
76	129
77	129
78	129
79	129
81	129
82	129
84	129
85	129
90	129
92	129
94	129
99	129
100	129
102	129
103	129
105	129
111	129
112	129
114	129
116	129
117	129
118	129
119	129
121	129
122	129
126	129
4	130
6	130
7	130
9	130
10	130
11	130
13	130
15	130
16	130
17	130
20	130
26	130
28	130
29	130
32	130
33	130
36	130
39	130
40	130
43	130
47	130
48	130
49	130
50	130
52	130
53	130
54	130
55	130
56	130
57	130
60	130
62	130
63	130
66	130
68	130
69	130
72	130
74	130
77	130
79	130
81	130
82	130
84	130
88	130
90	130
91	130
92	130
93	130
94	130
96	130
102	130
103	130
104	130
106	130
108	130
109	130
110	130
111	130
112	130
115	130
118	130
119	130
122	130
125	130
128	130
1	131
2	131
3	131
6	131
7	131
8	131
10	131
15	131
17	131
19	131
21	131
22	131
26	131
27	131
28	131
29	131
30	131
31	131
33	131
36	131
38	131
39	131
40	131
41	131
42	131
46	131
48	131
51	131
53	131
55	131
57	131
60	131
61	131
64	131
66	131
67	131
69	131
70	131
74	131
76	131
77	131
79	131
80	131
82	131
86	131
87	131
89	131
90	131
91	131
93	131
94	131
95	131
97	131
100	131
101	131
103	131
104	131
105	131
106	131
109	131
113	131
118	131
119	131
122	131
123	131
124	131
125	131
129	131
130	131
2	132
3	132
5	132
7	132
8	132
10	132
11	132
12	132
13	132
14	132
15	132
16	132
17	132
18	132
20	132
22	132
25	132
28	132
29	132
30	132
34	132
35	132
36	132
37	132
38	132
39	132
42	132
43	132
45	132
46	132
48	132
50	132
51	132
52	132
53	132
55	132
57	132
61	132
66	132
67	132
68	132
69	132
71	132
72	132
74	132
77	132
79	132
84	132
85	132
87	132
88	132
89	132
90	132
94	132
95	132
96	132
98	132
100	132
101	132
103	132
104	132
108	132
109	132
111	132
113	132
115	132
118	132
119	132
121	132
122	132
123	132
125	132
129	132
1	133
3	133
4	133
9	133
11	133
13	133
16	133
18	133
19	133
20	133
22	133
25	133
26	133
29	133
30	133
31	133
32	133
33	133
42	133
43	133
45	133
46	133
53	133
55	133
56	133
60	133
62	133
63	133
65	133
66	133
67	133
73	133
74	133
77	133
78	133
79	133
80	133
82	133
83	133
84	133
86	133
87	133
88	133
90	133
91	133
93	133
94	133
96	133
98	133
101	133
103	133
105	133
109	133
110	133
111	133
112	133
115	133
120	133
121	133
122	133
123	133
125	133
127	133
128	133
132	133
2	134
3	134
4	134
7	134
11	134
14	134
15	134
16	134
17	134
18	134
20	134
21	134
23	134
25	134
30	134
31	134
33	134
35	134
37	134
39	134
40	134
41	134
43	134
44	134
47	134
48	134
50	134
57	134
60	134
61	134
63	134
64	134
65	134
66	134
70	134
71	134
74	134
75	134
78	134
80	134
81	134
84	134
85	134
86	134
88	134
89	134
91	134
92	134
93	134
97	134
101	134
102	134
107	134
110	134
112	134
115	134
119	134
120	134
122	134
125	134
126	134
127	134
128	134
133	134
3	135
4	135
5	135
8	135
9	135
10	135
11	135
12	135
14	135
15	135
18	135
19	135
21	135
24	135
25	135
26	135
28	135
30	135
31	135
34	135
36	135
37	135
39	135
40	135
41	135
42	135
43	135
44	135
45	135
48	135
49	135
52	135
55	135
57	135
58	135
70	135
74	135
75	135
78	135
82	135
84	135
86	135
87	135
92	135
95	135
97	135
98	135
100	135
101	135
104	135
106	135
107	135
108	135
109	135
112	135
114	135
116	135
120	135
124	135
127	135
132	135
133	135
134	135
2	136
3	136
4	136
6	136
7	136
8	136
12	136
14	136
15	136
17	136
18	136
23	136
26	136
30	136
31	136
32	136
36	136
37	136
39	136
42	136
44	136
47	136
49	136
50	136
52	136
54	136
55	136
56	136
58	136
61	136
63	136
65	136
67	136
68	136
70	136
73	136
74	136
75	136
76	136
77	136
78	136
79	136
84	136
85	136
87	136
88	136
91	136
94	136
95	136
96	136
98	136
102	136
105	136
106	136
107	136
110	136
111	136
114	136
115	136
118	136
119	136
122	136
123	136
124	136
127	136
128	136
129	136
130	136
135	136
6	137
7	137
9	137
11	137
12	137
13	137
17	137
18	137
19	137
20	137
22	137
25	137
26	137
29	137
30	137
31	137
32	137
36	137
37	137
38	137
39	137
40	137
41	137
43	137
44	137
45	137
46	137
48	137
50	137
53	137
54	137
55	137
58	137
63	137
64	137
67	137
68	137
74	137
77	137
87	137
88	137
89	137
90	137
96	137
99	137
100	137
101	137
102	137
103	137
107	137
108	137
109	137
112	137
117	137
118	137
125	137
126	137
127	137
130	137
133	137
135	137
136	137
1	138
2	138
4	138
6	138
7	138
9	138
11	138
12	138
13	138
16	138
17	138
19	138
21	138
22	138
24	138
27	138
28	138
30	138
31	138
32	138
33	138
35	138
36	138
40	138
43	138
44	138
45	138
49	138
51	138
53	138
54	138
55	138
56	138
57	138
58	138
59	138
60	138
63	138
64	138
69	138
71	138
73	138
74	138
75	138
76	138
79	138
80	138
83	138
84	138
87	138
88	138
89	138
90	138
91	138
92	138
94	138
97	138
98	138
99	138
101	138
102	138
107	138
108	138
111	138
114	138
115	138
119	138
122	138
124	138
125	138
128	138
129	138
131	138
133	138
134	138
136	138
1	139
2	139
3	139
5	139
9	139
12	139
13	139
14	139
15	139
16	139
17	139
19	139
20	139
23	139
24	139
29	139
30	139
31	139
32	139
33	139
34	139
38	139
42	139
44	139
46	139
47	139
49	139
50	139
52	139
53	139
54	139
55	139
56	139
59	139
61	139
63	139
64	139
65	139
69	139
70	139
71	139
72	139
73	139
74	139
77	139
79	139
80	139
82	139
83	139
84	139
86	139
90	139
91	139
96	139
97	139
98	139
99	139
100	139
102	139
103	139
104	139
105	139
107	139
108	139
111	139
115	139
116	139
120	139
125	139
127	139
128	139
130	139
131	139
134	139
135	139
137	139
5	140
11	140
14	140
15	140
18	140
19	140
20	140
21	140
24	140
25	140
26	140
27	140
31	140
32	140
34	140
37	140
38	140
39	140
40	140
41	140
43	140
44	140
45	140
46	140
48	140
49	140
50	140
51	140
52	140
53	140
55	140
56	140
57	140
58	140
60	140
61	140
63	140
66	140
69	140
71	140
72	140
73	140
75	140
76	140
79	140
87	140
89	140
92	140
93	140
94	140
95	140
97	140
99	140
101	140
103	140
104	140
106	140
108	140
109	140
112	140
114	140
115	140
116	140
118	140
120	140
121	140
123	140
124	140
125	140
128	140
130	140
134	140
137	140
138	140
7	141
8	141
10	141
13	141
15	141
16	141
18	141
21	141
22	141
25	141
26	141
28	141
31	141
32	141
33	141
34	141
35	141
37	141
38	141
40	141
44	141
46	141
52	141
53	141
58	141
59	141
60	141
64	141
66	141
67	141
69	141
72	141
73	141
74	141
76	141
79	141
80	141
83	141
84	141
86	141
88	141
89	141
90	141
95	141
96	141
98	141
102	141
106	141
107	141
109	141
110	141
111	141
113	141
114	141
115	141
121	141
123	141
125	141
129	141
130	141
136	141
2	142
3	142
7	142
8	142
14	142
18	142
20	142
21	142
22	142
23	142
27	142
31	142
32	142
34	142
35	142
36	142
39	142
40	142
41	142
43	142
44	142
48	142
49	142
50	142
53	142
55	142
58	142
59	142
60	142
61	142
62	142
68	142
69	142
70	142
71	142
72	142
73	142
74	142
78	142
81	142
83	142
86	142
87	142
88	142
93	142
97	142
100	142
103	142
104	142
108	142
111	142
115	142
116	142
118	142
120	142
122	142
125	142
129	142
130	142
132	142
133	142
137	142
138	142
140	142
1	143
5	143
8	143
9	143
17	143
19	143
20	143
21	143
22	143
23	143
28	143
31	143
32	143
33	143
39	143
40	143
42	143
43	143
44	143
46	143
47	143
49	143
50	143
51	143
53	143
54	143
56	143
58	143
64	143
67	143
68	143
70	143
71	143
73	143
77	143
79	143
80	143
84	143
85	143
86	143
87	143
89	143
91	143
93	143
95	143
98	143
101	143
103	143
104	143
109	143
111	143
113	143
114	143
115	143
118	143
119	143
120	143
122	143
125	143
127	143
128	143
130	143
132	143
136	143
137	143
140	143
141	143
142	143
1	144
3	144
6	144
9	144
10	144
11	144
13	144
16	144
18	144
21	144
22	144
26	144
27	144
28	144
29	144
31	144
33	144
41	144
46	144
48	144
49	144
52	144
53	144
62	144
63	144
64	144
66	144
67	144
68	144
69	144
72	144
75	144
78	144
79	144
80	144
81	144
82	144
83	144
86	144
87	144
88	144
93	144
94	144
95	144
96	144
100	144
103	144
108	144
110	144
111	144
113	144
116	144
117	144
118	144
119	144
120	144
122	144
128	144
129	144
130	144
131	144
133	144
136	144
138	144
140	144
141	144
143	144
1	145
2	145
3	145
5	145
6	145
9	145
10	145
12	145
14	145
15	145
18	145
20	145
21	145
22	145
23	145
24	145
30	145
31	145
32	145
35	145
38	145
40	145
47	145
48	145
49	145
52	145
55	145
56	145
57	145
58	145
59	145
61	145
62	145
63	145
64	145
66	145
67	145
69	145
70	145
71	145
74	145
77	145
82	145
85	145
86	145
88	145
89	145
90	145
91	145
92	145
93	145
95	145
97	145
98	145
101	145
106	145
107	145
108	145
115	145
116	145
117	145
118	145
122	145
124	145
125	145
126	145
127	145
128	145
131	145
134	145
135	145
136	145
138	145
139	145
142	145
1	146
2	146
5	146
7	146
11	146
12	146
14	146
17	146
18	146
20	146
24	146
25	146
26	146
28	146
29	146
30	146
32	146
33	146
35	146
36	146
39	146
40	146
42	146
43	146
44	146
45	146
47	146
48	146
50	146
51	146
55	146
58	146
61	146
62	146
63	146
64	146
65	146
69	146
71	146
73	146
75	146
77	146
78	146
81	146
83	146
85	146
86	146
88	146
89	146
91	146
94	146
95	146
97	146
99	146
103	146
104	146
105	146
107	146
108	146
110	146
114	146
115	146
118	146
119	146
123	146
126	146
127	146
129	146
130	146
132	146
136	146
138	146
139	146
141	146
142	146
145	146
3	147
11	147
12	147
13	147
17	147
20	147
21	147
24	147
25	147
26	147
30	147
31	147
32	147
34	147
35	147
36	147
37	147
38	147
40	147
41	147
42	147
43	147
44	147
45	147
46	147
47	147
49	147
53	147
56	147
57	147
61	147
62	147
63	147
64	147
68	147
70	147
71	147
73	147
75	147
82	147
83	147
84	147
85	147
86	147
89	147
91	147
92	147
97	147
99	147
101	147
102	147
103	147
107	147
109	147
110	147
112	147
113	147
115	147
118	147
123	147
125	147
129	147
130	147
134	147
135	147
136	147
137	147
140	147
143	147
145	147
1	148
2	148
3	148
5	148
7	148
13	148
18	148
19	148
20	148
21	148
22	148
24	148
25	148
27	148
28	148
29	148
30	148
31	148
32	148
33	148
37	148
39	148
40	148
41	148
42	148
48	148
51	148
54	148
55	148
57	148
60	148
61	148
63	148
70	148
71	148
72	148
74	148
76	148
78	148
89	148
90	148
91	148
92	148
93	148
94	148
96	148
98	148
99	148
100	148
103	148
106	148
108	148
109	148
110	148
111	148
113	148
115	148
116	148
118	148
119	148
120	148
121	148
123	148
124	148
125	148
128	148
129	148
131	148
132	148
134	148
136	148
137	148
140	148
142	148
143	148
145	148
1	149
2	149
4	149
5	149
7	149
8	149
11	149
13	149
15	149
16	149
21	149
22	149
25	149
26	149
27	149
28	149
29	149
32	149
38	149
40	149
41	149
42	149
43	149
45	149
46	149
47	149
48	149
52	149
55	149
58	149
61	149
65	149
68	149
69	149
70	149
71	149
72	149
77	149
78	149
79	149
81	149
84	149
86	149
87	149
88	149
89	149
90	149
91	149
92	149
93	149
96	149
97	149
102	149
106	149
114	149
116	149
121	149
126	149
130	149
132	149
133	149
138	149
140	149
142	149
144	149
147	149
1	150
3	150
5	150
6	150
7	150
9	150
12	150
13	150
14	150
18	150
19	150
23	150
24	150
26	150
29	150
31	150
32	150
33	150
36	150
39	150
41	150
45	150
46	150
47	150
48	150
50	150
51	150
53	150
56	150
57	150
58	150
60	150
62	150
63	150
66	150
67	150
68	150
69	150
71	150
72	150
73	150
76	150
77	150
78	150
80	150
83	150
84	150
85	150
86	150
91	150
92	150
94	150
96	150
98	150
101	150
102	150
107	150
110	150
111	150
113	150
116	150
117	150
118	150
120	150
121	150
123	150
124	150
125	150
126	150
127	150
129	150
132	150
135	150
139	150
140	150
142	150
144	150
145	150
146	150
151	152
151	153
151	154
151	155
151	156
151	157
151	158
152	153
152	154
152	155
152	156
152	157
152	158
153	154
153	155
153	156
153	157
153	158
154	155
154	156
154	157
154	158
155	156
155	157
155	158
156	157
156	158
157	158
159	160
159	161
159	162
159	163
159	164
159	165
159	166
160	161
160	162
160	163
160	164
160	165
160	166
161	162
161	163
161	164
161	165
161	166
162	163
162	164
162	165
162	166
163	164
163	165
163	166
164	165
164	166
165	166
1	151
150	159
158	166
